# factor-levels: seurat_clusters=c1|c2|c3|c4|c5|c6|c7|c8|c9|c10|c11|c12|c13|c14|c15|c16|c17|c18|c19|c20|c21

p_val	avg_log2FC	pct.1	pct.2	p_val_adj	gene	seurat_clusters
1.01552877501595e-22	9.66630044309134	0.012	0	3.4058804056485e-18	AC109460.2	c21
1.01552877501595e-22	9.66630044309134	0.012	0	3.4058804056485e-18	AC111170.1	c21
1.01552877501595e-22	9.42464458168756	0.012	0	3.4058804056485e-18	SLC10A5	c21
6.59397232552365e-12	8.77420335439198	0.012	0	2.21148643853412e-07	AC112721.1	c21
6.59397232552365e-12	8.47444955730018	0.012	0	2.21148643853412e-07	CRYBB3	c21
2.88314554195446e-08	6.97264734301073	0.012	0	0.000966949351860686	CUX2	c21
1.26555260146326e-54	2.88386305324778	1	0.997	4.24441031478748e-50	MT-ATP6	c21
3.65903740395379e-53	2.88150551789188	1	0.979	1.22716796453802e-48	MT-ATP8	c21
3.94582495207927e-55	2.85992685750503	1	0.999	1.32335077242834e-50	MT-CO3	c21
4.69089178658366e-55	2.78185076328607	1	0.998	1.57323128738443e-50	MT-ND4L	c21
3.4827110607509e-52	2.7692383779425	1	0.977	1.16803163555464e-47	MT-ND1	c21
8.22124428064945e-56	2.76916741617474	1	1	2.75724090684421e-51	MT-CO2	c21
3.65787016142281e-55	2.69501439516818	1	0.999	1.22677649473798e-50	MT-CYB	c21
3.24635458815003e-39	2.641004207752	0.942	0.729	1.08876240177376e-34	MT-ND6	c21
2.49151875974796e-54	2.63408490063556	1	1	8.35605561644269e-50	MT-CO1	c21
1.18145117172867e-51	2.60624333096054	1	0.966	3.9623509397436e-47	MT-ND5	c21
9.44991693241036e-50	2.52281074316858	1	0.959	3.16931314079179e-45	MT-ND4	c21
5.40397083208669e-49	2.49612245534152	1	0.913	1.81238373766524e-44	MT-ND2	c21
7.6363312065915e-42	2.31583122225019	1	0.929	2.56107276006666e-37	MTRNR2L12	c21
1.35985022316683e-45	2.20584997761011	1	0.971	4.56066567845691e-41	MT-ND3	c21
6.62257596338011e-08	0.326158493289043	0.233	0.683	0.00222107952659842	NEAT1	c21
3.87864524402425e-29	-8.59531969459527	0	0.69	1.30082004194085e-24	SOD1	c21
8.033115124136e-31	-8.46865352044273	0	0.713	2.69414615033273e-26	SSR2	c21
2.36165373395273e-29	-8.34860307868956	0	0.693	7.92051429293067e-25	HNRNPK	c21
2.3576822224878e-25	-8.20417343903789	0	0.634	7.9071946377796e-21	ABRACL	c21
6.24434615234086e-15	-8.19242012739011	0	0.443	2.09422881257208e-10	CD7	c21
4.37963193907889e-27	-8.18817242582254	0	0.66	1.46884095972828e-22	SERP1	c21
0.209448111705202	-8.15843839771204	0	0.018	1	IGKV1-5	c21
2.51868899443037e-26	-8.15120214318791	0	0.649	8.44717914952058e-22	TRAPPC1	c21
6.65434223016348e-24	-8.08532218754544	0	0.611	2.23173329715223e-19	APRT	c21
5.60066081747527e-24	-8.05212601628036	0	0.612	1.87834962496486e-19	POMP	c21
2.09447025865199e-26	-8.04959858369122	0	0.65	7.02443435346705e-22	WDR83OS	c21
4.9923670366376e-25	-8.03689132119809	0	0.629	1.67434005674752e-20	NDUFB10	c21
8.42471639445166e-26	-8.01097332490088	0	0.641	2.8254813843712e-21	EIF3F	c21
1.01009209630122e-25	-7.98344815528085	0	0.64	3.38764687257504e-21	DAZAP2	c21
2.04988665670014e-13	-7.94854276407711	0	0.408	6.87490986924092e-09	KLRB1	c21
2.6517793199996e-23	-7.92488799622673	0	0.601	8.89353748341466e-19	RPL38	c21
2.69701848399027e-23	-7.90407353338586	0	0.601	9.04526059160656e-19	AURKAIP1	c21
4.47233421434095e-23	-7.8825657487326	0	0.598	1.49993144880567e-18	ALDOA	c21
3.38090303076256e-22	-7.87574742347389	0	0.583	1.13388725845715e-17	RPL26	c21
7.25231964033e-24	-7.86624923963815	0	0.611	2.43228296097388e-19	DAD1	c21
2.87017233657455e-22	-7.83080047732251	0	0.584	9.62598398240373e-18	SELENOK	c21
1.67715102565502e-23	-7.82866358846976	0	0.605	5.62482910984182e-19	XRCC6	c21
7.50389369312161e-22	-7.81453940940659	0	0.577	2.51665586679913e-17	GYPC	c21
3.3858614985938e-12	-7.79011927766879	0	0.379	1.13555022939839e-07	CST7	c21
3.24780483579917e-23	-7.74799067475297	0	0.6	1.08924878583032e-18	CUTA	c21
1.17004003431385e-20	-7.7355425982543	0	0.556	3.92408026708179e-16	C12orf57	c21
1.32619430031433e-17	-7.71177933776636	0	0.499	4.44779044439421e-13	SOCS1	c21
3.97568041609256e-23	-7.69324608105176	0	0.599	1.33336369794912e-18	EIF3G	c21
6.51213912566821e-14	-7.6722334833732	0	0.42	2.18404121996661e-09	LAG3	c21
8.67917394313854e-22	-7.63688768664059	0	0.576	2.9108213570498e-17	NDUFB4	c21
1.81061248520423e-18	-7.63133086463516	0	0.516	6.07243215287794e-14	S1PR4	c21
1.57334426786392e-15	-7.62335256337486	0	0.456	5.27668200556201e-11	IFITM3	c21
2.20935434314607e-20	-7.62260640608909	0	0.551	7.40973259604328e-16	ATP1B3	c21
8.00547994275709e-22	-7.61153117948556	0	0.577	2.68487786320187e-17	ATP6V1F	c21
4.76305413977484e-22	-7.60936989704873	0	0.58	1.59743309739769e-17	PPP4C	c21
1.59654402095409e-20	-7.60818431797784	0	0.554	5.35448933747584e-16	UQCRQ	c21
1.67253877064487e-20	-7.6059919485718	0	0.553	5.60936052898877e-16	GTF3A	c21
4.78851129213958e-21	-7.60184415092684	0	0.563	1.60597091715777e-16	SKP1	c21
2.70057442252502e-08	-7.58918767146221	0	0.272	0.000905718649826442	PRF1	c21
9.45160042754999e-15	-7.57893970956736	0	0.439	3.16987775139172e-10	ID2	c21
1.03161595076558e-14	-7.56595517938122	0	0.438	3.4598335756776e-10	CD40LG	c21
1.4156345694856e-18	-7.5553100134817	0	0.518	4.7477552191408e-14	SYNGR2	c21
6.55251667459666e-20	-7.54900342603942	0	0.543	2.19758304232623e-15	CD47	c21
2.65240240547915e-19	-7.54298028461323	0	0.531	8.89562718749599e-15	LSM2	c21
1.06558841736265e-20	-7.52572173478214	0	0.557	3.57377043415086e-16	SEPT7	c21
1.72517139942449e-20	-7.49483095791436	0	0.553	5.78587983938984e-16	NDUFA6	c21
1.52603061512252e-19	-7.49381102084735	0	0.536	5.1180014769979e-15	M6PR	c21
6.34416929744343e-19	-7.47959572043978	0	0.524	2.12770749897658e-14	SIVA1	c21
2.3811756369871e-18	-7.47636031534228	0	0.513	7.98598685132733e-14	ICAM3	c21
6.98502001615606e-21	-7.46933378834569	0	0.56	2.34263601301842e-16	FKBP8	c21
1.32514922254733e-20	-7.45429394559233	0	0.555	4.44428546257922e-16	MORF4L1	c21
1.48510571496525e-16	-7.44853916184289	0	0.477	4.98074754685045e-12	SLAMF1	c21
2.8269398675557e-20	-7.44124279427511	0	0.549	9.48099092780831e-16	MDH1	c21
3.00621357288898e-20	-7.43800588660616	0	0.549	1.00822390807551e-15	NDUFB7	c21
3.31573652586293e-11	-7.42175026727151	0	0.353	1.11203171604391e-06	UBE2C	c21
1.67253871467885e-20	-7.41347037416765	0	0.553	5.60936034128992e-16	RTRAF	c21
1.42096962298503e-12	-7.41290698108062	0	0.388	4.7656479215672e-08	ISG20	c21
6.82718179707627e-19	-7.40600075957513	0	0.524	2.28970023110344e-14	THRAP3	c21
1.1297002230727e-19	-7.40576406352899	0	0.538	3.78878860814121e-15	UQCRFS1	c21
5.3661335610073e-14	-7.40514625777271	0	0.422	1.79969387369063e-09	ZFP36L1	c21
7.34559416717569e-18	-7.39781305682575	0	0.504	2.46356537178738e-13	TMEM167A	c21
1.35534109877334e-18	-7.39008196191488	0	0.518	4.54554297706602e-14	DOK2	c21
2.59569857572289e-18	-7.37059370409453	0	0.513	8.70545388325942e-14	RBM3	c21
9.2830847009133e-19	-7.36162240586981	0	0.521	3.1133609469923e-14	CBX3	c21
7.28708693548794e-20	-7.36062057933589	0	0.542	2.44394321642394e-15	NDUFA12	c21
4.5219634448506e-19	-7.3540638416806	0	0.527	1.51657610013399e-14	RPS19BP1	c21
4.26261502958101e-19	-7.35357817993091	0	0.527	1.42959582862088e-14	SRP9	c21
3.9589507137745e-19	-7.35170201641175	0	0.528	1.32775289038569e-14	SSBP1	c21
2.39694086635199e-14	-7.32256369467716	0	0.43	8.03886027757129e-10	SLC2A3	c21
1.5014678747627e-10	-7.32173546341186	0	0.336	5.03562295837913e-06	ANXA1	c21
3.78708660439186e-19	-7.30263081618364	0	0.528	1.27011310538094e-14	C11orf58	c21
2.59569853841394e-18	-7.29599931035693	0	0.513	8.70545375813269e-14	PAK2	c21
4.86808822442211e-19	-7.29350575485238	0	0.526	1.63265942870669e-14	UQCRC1	c21
6.2225651686382e-13	-7.27705272573959	0	0.397	2.08692390625788e-08	RSRP1	c21
4.93879103933414e-18	-7.27381923132934	0	0.507	1.65637173877188e-13	BANF1	c21
6.93065870882257e-16	-7.27310749569187	0	0.463	2.32440431776492e-11	SMC1A	c21
6.82718190709739e-19	-7.26210466186953	0	0.524	2.28970026800232e-14	SELENOT	c21
1.29757753275538e-18	-7.25030075699613	0	0.518	4.35181552935501e-14	SF3B6	c21
3.27294669624605e-17	-7.21510867394204	0	0.491	1.097680862987e-12	SET	c21
5.37844012031063e-18	-7.19623650323025	0	0.506	1.80382124754978e-13	DBNL	c21
2.31362300244241e-18	-7.19614568033157	0	0.513	7.75942882559136e-14	LAMTOR1	c21
2.21581661650229e-18	-7.19146462321676	0	0.514	7.43140576842539e-14	RAB1B	c21
6.21624827530587e-08	-7.17203701601944	0	0.26	0.00208480534657208	TXNIP	c21
8.34089909209824e-18	-7.16981212380411	0	0.503	2.79737073750791e-13	C1orf43	c21
9.90512187987137e-17	-7.15699165185845	0	0.481	3.32197977607126e-12	KDELR1	c21
2.18412796403242e-18	-7.15237388368583	0	0.514	7.32512836577194e-14	RNF181	c21
2.57463735447242e-05	7.14563076860545	0.012	0	0.86348187594296	GOLGA6L10	c21
4.31026301207068e-17	-7.13785515453375	0	0.488	1.44557600898827e-12	MRPL20	c21
7.86418879154877e-17	-7.1124312760984	0	0.483	2.63749163690962e-12	GNAS	c21
5.47654471810952e-09	-7.11039403074426	0	0.292	0.000183672356755957	HLA-DQB1	c21
3.01275717233779e-17	-7.1015101286108	0	0.491	1.01041850045865e-12	SNX3	c21
1.17068469826997e-12	-7.0949396912463	0	0.39	3.92624234105782e-08	FYB1	c21
9.51052268242857e-17	-7.08690020889755	0	0.481	3.18963909723289e-12	HNRNPUL1	c21
8.88693586596491e-17	-7.07338696574388	0	0.482	2.98050055072731e-12	SMDT1	c21
1.61285685392914e-17	-7.06874368384251	0	0.497	5.40919931670755e-13	MRPL34	c21
1.42633403544108e-16	-7.05914498742221	0	0.478	4.7836390880623e-12	PFDN2	c21
1.19699898144486e-16	-7.04734077613969	0	0.479	4.01449518396977e-12	YWHAE	c21
5.44139662004207e-17	-7.04631040491489	0	0.486	1.82493559842971e-12	SSU72	c21
1.40725640317579e-16	-7.04067261631433	0	0.478	4.71965652497097e-12	RGS10	c21
1.01228221794006e-15	-7.03492275803316	0	0.46	3.39499210252737e-11	RAP1A	c21
3.93389684839082e-16	-7.02814345649293	0	0.469	1.31935032501331e-11	ISCU	c21
2.19932418896891e-15	-7.02731255922088	0	0.453	7.37609346496394e-11	CENPX	c21
3.98630026422141e-16	-7.02653577351873	0	0.468	1.33692538261458e-11	SNRPF	c21
5.52886848425003e-09	-7.02381112006765	0	0.292	0.000185427191224778	CTSL	c21
5.78910277306766e-15	-7.00977549401979	0	0.443	1.94154928803143e-10	EIF4B	c21
5.11417411101778e-05	-7.00936454962777	0	0.162	1	CD8A	c21
8.30360007700424e-17	-7.00640787806251	0	0.483	2.78486139382568e-12	MEA1	c21
2.47089927608698e-16	-7.00496377007059	0	0.473	8.2869019921405e-12	COX17	c21
2.3739357661019e-16	-7.00091208545788	0	0.473	7.96170577235255e-12	TXNDC17	c21
2.89922188021544e-16	-6.99507795581733	0	0.471	9.72341034186655e-12	KRT10	c21
6.98439234232026e-13	-6.99382355534317	0	0.395	2.34242550376737e-08	IFI6	c21
6.43396558639491e-14	-6.9937819052737	0	0.42	2.15782337836513e-09	GDE1	c21
6.87805604706532e-10	-6.99375274318626	0	0.318	2.30676243706477e-05	MT2A	c21
1.49406079838441e-15	-6.98993111787734	0	0.456	5.01078110562163e-11	RNH1	c21
2.64461253825184e-14	-6.97772922112471	0	0.429	8.869501530789e-10	CENPM	c21
3.98630022687156e-16	-6.97751676208509	0	0.468	1.33692537008818e-11	PPP1CC	c21
2.47089922832226e-16	-6.97692498921441	0	0.473	8.28690183194718e-12	COX7A2L	c21
0.362826332098992	-6.97455574824347	0	0.01	1	IGKV4-1	c21
9.83550607545758e-10	-6.96472761369907	0	0.314	3.29863202758696e-05	TRBC1	c21
1.91665398025228e-16	-6.96022534169014	0	0.475	6.42807411897011e-12	EMC6	c21
3.98630027071702e-16	-6.95158690129475	0	0.468	1.33692538479307e-11	NEDD8	c21
1.36985066352473e-16	-6.94903922786107	0	0.478	4.59420515532924e-12	SEC13	c21
5.24974915158142e-10	-6.94729257928636	0	0.321	1.76066087045738e-05	CXCR4	c21
2.59837043403537e-15	-6.94681892108311	0	0.451	8.71441476166784e-11	PSMB5	c21
3.05760744930513e-16	-6.94672825504116	0	0.471	1.02546038634795e-11	MRPL16	c21
2.022118320821e-16	-6.94527610978161	0	0.475	6.78178042436946e-12	MRPS15	c21
1.6470696648707e-12	-6.94130064844651	0	0.386	5.52394224204336e-08	DDIT4	c21
2.31522152293778e-15	-6.93466881317873	0	0.452	7.76478994362874e-11	SHMT2	c21
1.21569600606783e-13	-6.93225474066223	0	0.413	4.0772012651503e-09	ADD3	c21
2.84186678099736e-15	-6.92238712592698	0	0.45	9.53105281010895e-11	HMGN3	c21
0.0133010171307548	-6.91429682180823	0	0.067	1	CD79A	c21
1.29571826333561e-15	-6.90620412902327	0	0.458	4.34557991157496e-11	TMEM179B	c21
2.11253757129936e-12	-6.90292911571237	0	0.384	7.08502850662381e-08	ZFP36	c21
2.09889101175346e-13	-6.9004860362465	0	0.408	7.03926067521876e-09	HERPUD1	c21
0.000144348931433119	6.89583488531049	0.012	0.001	1	DLG2	c21
1.47486140991448e-15	-6.88552738559149	0	0.456	4.94639019657119e-11	TMEM208	c21
2.20037155539783e-13	-6.88322537529642	0	0.407	7.37960612249323e-09	MCM7	c21
3.30062696978991e-10	-6.88056899510148	0	0.327	1.10696427312814e-05	CAPG	c21
2.87843345040588e-15	-6.87778140435892	0	0.45	9.65369010597124e-11	MZT2A	c21
1.38900005160042e-12	-6.87760222138217	0	0.388	4.65842837305747e-08	DDX3X	c21
1.46206333391768e-14	-6.87144760026715	0	0.434	4.9034680092931e-10	SNRPE	c21
1.47486142922155e-15	-6.86896585281904	0	0.456	4.94639026132323e-11	SRA1	c21
1.02058139774776e-12	-6.86749290757202	0	0.391	3.42282589176643e-08	HSPH1	c21
3.06831343777724e-15	-6.86272128855654	0	0.449	1.02905096076173e-10	EIF3D	c21
5.19084421461636e-16	-6.86256401768946	0	0.466	1.74090533269804e-11	ZNHIT1	c21
2.87843350333806e-15	-6.85949741966626	0	0.45	9.65369028349517e-11	LSM3	c21
2.87843340310475e-15	-6.8590978625073	0	0.45	9.65368994733272e-11	TERF2IP	c21
9.41912058209017e-13	-6.85402230573157	0	0.392	3.1589846608214e-08	EIF4A2	c21
6.08882329086911e-15	-6.85292375083941	0	0.443	2.04206955529168e-10	MAT2B	c21
4.27228266193175e-15	-6.84531088485813	0	0.446	1.43283815915867e-10	METTL26	c21
2.80575643181473e-15	-6.84316461374934	0	0.45	9.40994592102025e-11	TMCO1	c21
6.95196457118102e-11	-6.840921271208	0	0.345	2.33154987788269e-06	ICAM2	c21
1.57504982485532e-14	-6.83860507037964	0	0.434	5.28240210259977e-10	EIF3E	c21
3.66120246751831e-12	-6.82842972146184	0	0.378	1.22789408355629e-07	CDC42SE2	c21
2.34512071788739e-15	-6.82715989412578	0	0.452	7.86506586365075e-11	RAB7A	c21
5.10174634830975e-15	-6.82408293686384	0	0.445	1.71102369029612e-10	PUF60	c21
5.01585767298673e-11	-6.82167609295586	0	0.349	1.68221834636629e-06	USP15	c21
9.57060575002608e-15	-6.82004721878639	0	0.439	3.20978975644375e-10	NT5C	c21
5.16670551886422e-15	-6.81888933643063	0	0.444	1.73280969691668e-10	STOML2	c21
2.77009693428904e-15	-6.80597212414323	0	0.45	9.29035109821858e-11	ATP6V0C	c21
2.47348851468375e-12	-6.80486158087045	0	0.382	8.29558578054635e-08	MVP	c21
6.98439234232026e-13	-6.80411201441435	0	0.395	2.34242550376737e-08	IL2RB	c21
0.000144348931433119	6.79806235543268	0.012	0.001	1	CLBA1	c21
1.98489513969087e-06	6.79361073147687	0.012	0	0.0665694131949523	RNF175	c21
3.07624909044131e-06	-6.77712173773909	0	0.205	0.103171241995221	CTSW	c21
6.66927511099755e-13	-6.77592842533457	0	0.396	2.23674148672636e-08	NPC2	c21
4.32715153159418e-12	-6.77309709321006	0	0.376	1.45124008066606e-07	SLC3A2	c21
9.4564293392731e-14	-6.77032297400455	0	0.416	3.17149727180541e-09	DERL1	c21
1.72267883416311e-11	-6.75985711405076	0	0.361	5.77752027401624e-07	TRAM1	c21
7.48461506135138e-13	-6.7544305520497	0	0.395	2.51019019927603e-08	XRN2	c21
3.25725944629688e-14	-6.75194835747677	0	0.427	1.09241967309905e-09	LRRC59	c21
7.9071827572093e-10	-6.75171159283057	0	0.316	2.65191095311286e-05	PIM2	c21
1.59469644984101e-14	-6.74651814532867	0	0.434	5.34829295347679e-10	TMEM160	c21
4.29232040102608e-13	-6.74584982305471	0	0.401	1.43955841609613e-08	TMX1	c21
5.5647597631052e-14	-6.73898225568252	0	0.421	1.86630912935022e-09	LRPAP1	c21
1.08445732026844e-14	-6.72867179165531	0	0.437	3.6370529607163e-10	APH1A	c21
1.82733655728164e-14	-6.72149417197944	0	0.432	6.12852134581117e-10	NAA38	c21
3.93117110576293e-11	-6.72126334359935	0	0.351	1.31843616545077e-06	RHOH	c21
1.63471422168985e-14	-6.72084609574855	0	0.433	5.48250455670341e-10	EIF6	c21
3.25725935306227e-14	-6.71195072690555	0	0.427	1.09241964183003e-09	STRAP	c21
8.8066260457473e-08	-6.71134579067411	0	0.256	0.00295356624322273	GBP4	c21
8.5612991065521e-10	-6.70808280224845	0	0.315	2.87128849435544e-05	ADAM10	c21
1.07879410226082e-13	-6.70620499541654	0	0.415	3.61805966016234e-09	TMEM219	c21
1.93001454232623e-12	-6.70153186409059	0	0.385	6.47288277205371e-08	TK1	c21
3.28131237461801e-13	-6.69650555083821	0	0.403	1.10048654419939e-08	IK	c21
2.41844790166635e-12	-6.69639016808707	0	0.382	8.1109905726086e-08	TNFRSF14	c21
2.37986598032352e-11	-6.69548398923428	0	0.357	7.98159452480901e-07	HIF1A	c21
1.15900302071419e-13	-6.68996311962582	0	0.414	3.88706433087127e-09	ELOVL1	c21
4.00241264544412e-13	-6.68312418624237	0	0.401	1.34232915302905e-08	EIF1AX	c21
8.86887447039488e-12	-6.68303728919939	0	0.368	2.97444311988104e-07	PRKCH	c21
7.86045355029033e-12	-6.67741981135218	0	0.369	2.63623891169637e-07	SPPL2A	c21
3.59182580163311e-14	-6.6681976288472	0	0.426	1.20462653735171e-09	RAB11A	c21
3.86474809019935e-13	-6.66757965586599	0	0.402	1.29615921449106e-08	CYBC1	c21
2.83045174461526e-12	-6.66530015071771	0	0.381	9.49276906109067e-08	SEC62	c21
2.11917695914424e-14	-6.65908497890571	0	0.431	7.10729568557797e-10	SUCLG1	c21
3.02659617774548e-14	-6.65702155099753	0	0.427	1.01505982609228e-09	EMD	c21
1.76297163931261e-12	-6.65701888224663	0	0.386	5.91265428392662e-08	ZWINT	c21
1.3121282034328e-12	-6.65686134414968	0	0.389	4.40061556867292e-08	HTATSF1	c21
4.86985096466637e-14	-6.65089683883309	0	0.423	1.63325061652981e-09	CCDC167	c21
1.17292825113865e-13	-6.64795735388305	0	0.414	3.9337667686688e-09	DYNLT1	c21
5.86171426373299e-10	-6.64533457231546	0	0.32	1.96590172977077e-05	TM9SF2	c21
1.95522048034082e-13	-6.6449685349929	0	0.409	6.55741844696704e-09	RSU1	c21
3.6883957973903e-13	-6.64340798994797	0	0.402	1.23701418252876e-08	PPIG	c21
1.14424540631298e-12	-6.64119940526376	0	0.39	3.83757024369249e-08	SH3BGRL	c21
1.104905894886e-13	-6.63767818442394	0	0.414	3.70563339026868e-09	PGLS	c21
0.00782184994390775	-6.63458578867387	0	0.076	1	TRAV8-4	c21
0.00791181255851502	6.63455139653568	0.012	0.001	1	SPTB	c21
5.84085315166875e-14	-6.63349704337439	0	0.421	1.95890533000667e-09	POLR1D	c21
5.60697562496739e-13	-6.61967223558433	0	0.398	1.88046748510156e-08	HTATIP2	c21
6.83426045771172e-14	-6.61855557900553	0	0.419	2.29207427230736e-09	HINT2	c21
3.68839579218976e-13	-6.61670503901778	0	0.402	1.2370141807846e-08	OXA1L	c21
7.61727379905364e-14	-6.6136554468668	0	0.418	2.55468128672661e-09	PSMC1	c21
1.31272261150265e-10	-6.60289146233335	0	0.338	4.40260909445758e-06	RASAL3	c21
3.24311420317924e-13	-6.60188019318157	0	0.403	1.08767564146225e-08	HDAC1	c21
9.8026719298244e-14	-6.59932646226902	0	0.416	3.28762011182451e-09	RPA2	c21
1.05026249956336e-08	-6.58378092504626	0	0.284	0.00035223703710356	DOCK10	c21
4.82189022261633e-13	-6.58362316895429	0	0.399	1.61716554286107e-08	PAIP2	c21
1.32811738569091e-11	-6.57565097394033	0	0.364	4.45424008813016e-07	PRKAR1A	c21
4.36525868595099e-14	-6.57295514137115	0	0.424	1.46402045809424e-09	BUD31	c21
2.24783246910989e-08	-6.5728015417342	0	0.274	0.000753878053490075	KIAA1551	c21
1.97414123683841e-12	-6.57205580892343	0	0.384	6.62087488010865e-08	MCUB	c21
7.48461502499753e-13	-6.56718948658761	0	0.395	2.51019018708367e-08	REXO2	c21
2.04988659081452e-13	-6.5660688497445	0	0.408	6.87490964827374e-09	ZDHHC12	c21
1.5919528294355e-12	-6.56066512251278	0	0.387	5.33909139936077e-08	OSBPL8	c21
2.765174007681e-11	-6.5564394200576	0	0.355	9.27384058696054e-07	CNPY3	c21
2.2529008732709e-13	-6.55535841970709	0	0.407	7.55577894877594e-09	MRPS7	c21
7.74773108432944e-13	-6.55331806082976	0	0.394	2.59843405106241e-08	AHSA1	c21
2.70618947413007e-12	-6.54862347017461	0	0.381	9.07601825833744e-08	TMOD3	c21
3.2377425693192e-12	-6.54359082036079	0	0.379	1.08587410289827e-07	RAB10	c21
2.56455686170914e-13	-6.54110400546896	0	0.406	8.60101080280013e-09	TPGS2	c21
1.83802055491892e-11	-6.53530935203028	0	0.36	6.16435333708706e-07	RSL1D1	c21
2.98766888282156e-13	-6.53019024332634	0	0.404	1.00200438992069e-08	COMT	c21
1.18412800424317e-12	-6.52621995712052	0	0.39	3.97132850063076e-08	ETHE1	c21
5.96789882085568e-12	-6.52585944235658	0	0.373	2.00151390653858e-07	SSB	c21
1.37211682052315e-11	-6.5250239052976	0	0.363	4.60180539267053e-07	TMEM165	c21
9.97469885521722e-13	-6.52222243162706	0	0.392	3.34531450206275e-08	ITGAE	c21
1.03340635721627e-09	-6.51940488562501	0	0.313	3.46583824083193e-05	SUN2	c21
0.00970203806404315	-6.51890508668074	0	0.072	1	TRBV5-1	c21
1.38900005065004e-12	-6.51590625501549	0	0.388	4.6584283698701e-08	SMS	c21
2.6936230939295e-09	-6.5151716693326	0	0.301	9.03387313242075e-05	ZC3HAV1	c21
7.39887181548953e-13	-6.51347733248878	0	0.395	2.48143362947888e-08	PYURF	c21
1.35338723881525e-13	-6.51180783440837	0	0.412	4.53899012153859e-09	NDUFS3	c21
2.23130615537659e-11	-6.51125311151687	0	0.358	7.483354583902e-07	TMED5	c21
7.6590336660786e-13	-6.51057541730122	0	0.394	2.56868671092944e-08	CNIH1	c21
1.54256978919991e-13	-6.50708386551724	0	0.411	5.17347055901867e-09	FAM32A	c21
1.25946684506987e-10	-6.50594313657289	0	0.338	4.22399990499533e-06	DDX21	c21
1.34262813574583e-11	-6.50341666489346	0	0.364	4.50290624166437e-07	DENND2D	c21
2.20037152558405e-13	-6.50290570362814	0	0.407	7.37960602250379e-09	POLR2K	c21
2.59490129500309e-13	-6.49952087618688	0	0.406	8.70277996318136e-09	THOC7	c21
1.25364693464259e-12	-6.49693541311689	0	0.389	4.20448108940433e-08	MFNG	c21
1.6658542233886e-12	-6.49569219737778	0	0.386	5.58694189440069e-08	MRPL36	c21
5.34393012016196e-11	-6.49502092636378	0	0.348	1.79224728369992e-06	TMED4	c21
1.22537208641847e-12	-6.49491332121939	0	0.39	4.10965290343026e-08	FBXO7	c21
1.47028047169075e-12	-6.48884224824827	0	0.388	4.93102664595644e-08	ORMDL2	c21
6.30668317936766e-12	-6.4881545316823	0	0.372	2.11513540469633e-07	SH2D1A	c21
1.35729407020586e-11	-6.48782289019501	0	0.363	4.5520928526564e-07	APEX1	c21
1.55621672242817e-12	-6.48551130374537	0	0.387	5.21923964367959e-08	CYB5R3	c21
4.37554227210766e-12	-6.48417837234162	0	0.376	1.46746936721947e-07	TRADD	c21
8.48831523353833e-12	-6.48000193307227	0	0.369	2.84681116302409e-07	MRPS5	c21
3.51994102099084e-13	-6.47678564638329	0	0.403	1.18051781961991e-08	COPS9	c21
1.92210525754357e-10	-6.47623599923292	0	0.333	6.44635661274961e-06	SERINC3	c21
7.35866761390656e-12	-6.47301116368935	0	0.37	2.46794994435198e-07	LSM14A	c21
2.43150498706299e-11	-6.4692899311661	0	0.357	8.15478142561187e-07	G3BP2	c21
1.28256093744846e-12	-6.46898458764347	0	0.389	4.30145287201466e-08	DESI1	c21
1.29726200590922e-12	-6.46894064677045	0	0.389	4.35075731541833e-08	CYB5B	c21
4.65663084696792e-13	-6.46658130775882	0	0.4	1.5617408534561e-08	SDHB	c21
7.83743500096285e-13	-6.46564348297405	0	0.394	2.62851895062292e-08	ROMO1	c21
5.86171415441067e-10	-6.46138509304794	0	0.32	1.96590169310625e-05	TTC39C	c21
1.94540921424218e-07	-6.45698163128611	0	0.245	0.00652451342272543	ARID5B	c21
1.29726201168765e-12	-6.45047457589175	0	0.389	4.35075733479805e-08	MRPL37	c21
6.06428917742532e-11	-6.45036880615605	0	0.347	2.0338413043249e-06	PPP1R2	c21
3.88350373962903e-09	-6.45023969907616	0	0.297	0.000130244948419678	PTGER2	c21
8.6611716377825e-11	-6.44798729033473	0	0.342	2.90478374387949e-06	HK1	c21
8.30407969608406e-12	-6.44557015571264	0	0.369	2.78502224847267e-07	DDRGK1	c21
3.36253426643826e-09	-6.44459135710734	0	0.298	0.000112772674227806	NUCB2	c21
4.00279153401274e-12	-6.43860792196724	0	0.377	1.34245622467719e-07	MRPL17	c21
4.88955559717721e-12	-6.43609746848761	0	0.375	1.63985915618129e-07	PSMD6	c21
6.37666574307215e-12	-6.43380106487208	0	0.372	2.13860615691154e-07	NDUFS2	c21
1.64706967553519e-12	-6.43372687381336	0	0.386	5.52394227780992e-08	HSPB11	c21
8.03504691362954e-12	-6.43350807776243	0	0.369	2.69479403389308e-07	USP1	c21
1.76297159732295e-12	-6.42948682465684	0	0.386	5.91265414310169e-08	FAM177A1	c21
6.51698617658264e-13	-6.42919470350665	0	0.396	2.18566682390228e-08	MRPL43	c21
2.48424026209731e-11	-6.4288338093523	0	0.357	8.33164499102197e-07	DNAJB11	c21
2.51102609064166e-11	-6.42334322517004	0	0.357	8.42147930279401e-07	CD58	c21
6.35003978994086e-10	-6.42167824316813	0	0.319	2.12967634475037e-05	IDH2	c21
1.78305045240557e-12	-6.42012295390722	0	0.386	5.9799946072778e-08	NAXE	c21
1.31212820253386e-12	-6.41406857256504	0	0.389	4.40061556565807e-08	POLR2I	c21
1.09311060635668e-12	-6.41294600873225	0	0.391	3.66607435159903e-08	MPC2	c21
1.437223748055e-12	-6.40189831860131	0	0.388	4.82016100622688e-08	STUB1	c21
8.48831531986994e-12	-6.39975025995183	0	0.369	2.84681119197798e-07	EFHD2	c21
1.95195566850097e-12	-6.3915441397315	0	0.385	6.54646892101854e-08	ZNRD1	c21
5.90231355787927e-12	-6.39064396839893	0	0.373	1.97951792104155e-07	RAB2A	c21
1.95195567048877e-12	-6.39062056022583	0	0.385	6.54646892768525e-08	ATG3	c21
4.94409847552652e-12	-6.38072512125851	0	0.375	1.65815174672208e-07	MFF	c21
3.40254834923165e-10	-6.38061504480883	0	0.326	1.14114666536531e-05	TAX1BP1	c21
5.22587926867912e-12	-6.38060151142994	0	0.374	1.7526553891296e-07	MRPL11	c21
3.46011567445165e-11	-6.37725574292738	0	0.353	1.16045359489759e-06	MAD1L1	c21
5.05497832617637e-12	-6.37681183756114	0	0.374	1.69533863103303e-07	ADH5	c21
1.66585420579478e-12	-6.37626630678507	0	0.386	5.58694183539452e-08	TIMM17B	c21
5.05497832449771e-12	-6.37172146863735	0	0.374	1.69533863047004e-07	SNRNP40	c21
1.3645504268699e-06	-6.36583276712148	0	0.217	0.0457642922163626	ITK	c21
2.01925618032933e-12	-6.36403937035436	0	0.384	6.77218137758851e-08	PSMF1	c21
3.78581336506275e-12	-6.36184256972635	0	0.377	1.26968608637475e-07	MAPRE1	c21
7.62177241767052e-06	-6.36087208668122	0	0.192	0.255619003343834	MIR155HG	c21
1.9024775920316e-10	-6.35771667255964	0	0.333	6.38052934815558e-06	TBRG1	c21
2.49295381358427e-09	-6.35534742430677	0	0.302	8.36086849999893e-05	CD4	c21
3.46239002796513e-12	-6.35527739016883	0	0.378	1.16121636757895e-07	C14orf119	c21
1.72267885083792e-11	-6.35026978521527	0	0.361	5.7775203299402e-07	SLIRP	c21
4.60672923130076e-10	-6.34921187344295	0	0.323	1.54500484959365e-05	ATP6AP2	c21
8.14654143878237e-10	-6.34846126307454	0	0.316	2.73218706773883e-05	ZFAND5	c21
1.24422321967015e-11	-6.34792334330351	0	0.364	4.17287583412975e-07	METTL9	c21
6.32489266392496e-11	-6.34624574770896	0	0.346	2.12124250162715e-06	TMEM109	c21
1.32811738094806e-11	-6.34618328321523	0	0.364	4.45424007222361e-07	PSMD3	c21
1.02115789909953e-08	-6.34338714889467	0	0.284	0.0003424759362	RNASET2	c21
1.72267885861949e-11	-6.33897406991194	0	0.361	5.77752035603806e-07	DTYMK	c21
6.04037507471826e-10	-6.32615539626151	0	0.319	2.02582099255901e-05	LRP10	c21
6.96459231928611e-12	-6.32360155717323	0	0.371	2.33578497204218e-07	NDUFA3	c21
3.61064236294548e-11	-6.32286980862103	0	0.352	1.21093723568466e-06	UBE2T	c21
2.31122551062944e-10	-6.32255013694376	0	0.331	7.75138811754902e-06	CHST12	c21
2.85535807063758e-11	-6.31800579800777	0	0.355	9.57629989730433e-07	PDCD10	c21
6.25853375720614e-07	-6.31622404759491	0	0.228	0.020989870514918	VPS13C	c21
4.46480863727272e-11	-6.31435667703696	0	0.35	1.49740752076853e-06	FBL	c21
0.0662608612824712	6.31264419029697	0.012	0.002	1	ZHX1-C8orf76	c21
1.9821840009279e-10	-6.30759907846575	0	0.333	6.64784870231198e-06	PNRC2	c21
4.23193769912961e-12	-6.30387172769233	0	0.376	1.41930726553409e-07	INO80E	c21
4.38049358028254e-10	-6.30256184999297	0	0.323	1.46912993695516e-05	LIMA1	c21
1.2858250761771e-10	-6.30098471643617	0	0.338	4.31240014048275e-06	AMD1	c21
5.52337243469566e-12	-6.2996436083976	0	0.373	1.85242864714823e-07	LSM6	c21
2.53809460735431e-11	-6.29904106532616	0	0.356	8.51226169414488e-07	ARL5A	c21
8.48210972476333e-11	-6.29837384279741	0	0.343	2.84472995949113e-06	BAK1	c21
6.9645922779654e-12	-6.28887535862801	0	0.371	2.33578495818404e-07	LAGE3	c21
0.0227238499738068	-6.28617354037746	0	0.057	1	MS4A1	c21
1.59705120509731e-11	-6.28352054313998	0	0.362	5.35619033165536e-07	NRBP1	c21
4.12331888591715e-10	-6.28229926334954	0	0.324	1.38287868795889e-05	BIN1	c21
2.85535806790680e-11	-6.28189164651673	0	0.355	9.57629988814584e-07	MEAF6	c21
3.08341171927547e-09	-6.27388697407349	0	0.299	0.000103411462241061	FURIN	c21
6.25514492742167e-09	-6.27195443792376	0	0.29	0.000209785050575868	GTF2I	c21
2.04727150856321e-11	-6.27057230790316	0	0.359	6.86613918541928e-07	MAD2L2	c21
9.64273370137473e-10	-6.27005802423904	0	0.314	3.23398002876706e-05	CCAR1	c21
1.53179424910708e-09	-6.26943300431338	0	0.308	5.13733155265532e-05	ZBTB32	c21
1.6676961570538e-11	-6.26315177321676	0	0.361	5.59311937152702e-07	ACTR1A	c21
8.39394200502044e-11	-6.2617183410619	0	0.343	2.81516026964376e-06	ARL6IP6	c21
0.0491397811621894	-6.26118395754093	0	0.043	1	TRBV7-2	c21
7.11967792871433e-12	-6.26109193892494	0	0.371	2.38779758373221e-07	HIKESHI	c21
6.16242802960534e-10	-6.26020802095103	0	0.319	2.06675511256904e-05	MAT2A	c21
9.65291474360257e-09	-6.25906777144815	0	0.285	0.000323739454670943	FAS	c21
3.13735355515032e-10	-6.25815995064134	0	0.327	1.05220563532632e-05	HDLBP	c21
7.04171708890879e-12	-6.25698555698866	0	0.371	2.36165107727823e-07	PTRHD1	c21
0.19028941781329	-6.25459713402446	0	0.02	1	JCHAIN	c21
3.31573635944891e-11	-6.2538059742973	0	0.353	1.11203166023198e-06	SNW1	c21
1.41754249131661e-11	-6.25201544956802	0	0.363	4.75415400737764e-07	PRELID3B	c21
4.80818020538839e-11	-6.24981011719943	0	0.349	1.61256747728316e-06	SARS	c21
3.3282492356544e-07	-6.24892488689645	0	0.237	0.0111622822865377	HLA-DMA	c21
1.0340218278586e-10	-6.24807612058538	0	0.34	3.46790240627218e-06	MRPL3	c21
7.09936329461582e-11	-6.24740005887589	0	0.345	2.38098446174825e-06	DAP3	c21
7.59870359445171e-10	-6.24381632004473	0	0.317	2.54845321150721e-05	POLD4	c21
8.39394192159001e-11	-6.24213743967806	0	0.343	2.81516024166286e-06	YTHDF2	c21
3.24577489079617e-11	-6.24204577799063	0	0.354	1.08856798287522e-06	CD2BP2	c21
2.98198614830358e-10	-6.23522030728053	0	0.328	1.00009851441805e-05	PFKL	c21
1.20424472250548e-11	-6.23124288395247	0	0.365	4.03879595033886e-07	SLC25A11	c21
5.23230526834194e-11	-6.22940870413542	0	0.348	1.75481054089652e-06	SCP2	c21
3.76757214274065e-11	-6.22810241699627	0	0.352	1.26356834523236e-06	MAF1	c21
2.46892081289093e-09	-6.22579314145329	0	0.302	8.28026662227361e-05	FLI1	c21
3.67681073925978e-06	-6.2247269936121	0	0.203	0.123312878573294	ITM2C	c21
1.52266121314062e-08	-6.22468789956269	0.012	0.295	0.000510670117663099	GZMB	c21
3.4943719973348e-09	-6.21959985843333	0	0.298	0.000117194248046614	PCID2	c21
6.94501824036565e-10	-6.21892313164734	0.012	0.333	2.32922021745383e-05	CCL5	c21
2.48251005481374e-10	-6.21581954886234	0	0.33	8.32584222183433e-06	CDK4	c21
1.21375671453126e-05	-6.21267117382008	0	0.184	0.407069726919496	CXCR3	c21
2.93226000170718e-08	-6.21209239249511	0	0.27	0.000983421359372555	OXNAD1	c21
2.13735067857799e-11	-6.20660682644771	0	0.358	7.16824670581487e-07	NUDCD2	c21
1.28857340109017e-07	-6.2055100396545	0	0.251	0.0043216174725762	ITM2A	c21
0.0465503907293388	6.20361156591335	0.012	0.002	1	RIMS2	c21
1.15194032875913e-09	-6.19711601910436	0	0.312	3.86337747459238e-05	FKBP4	c21
8.6611718152006e-11	-6.19081172284923	0	0.342	2.90478380338198e-06	TMEM147	c21
2.06912573883643e-08	-6.18595616919024	0	0.275	0.000693943390290962	GPBP1	c21
6.94700272100866e-10	-6.18577979704241	0	0.318	2.32988577257188e-05	CMTM3	c21
1.41754249453304e-11	-6.18415792306308	0	0.363	4.75415401816491e-07	LSM1	c21
3.68829047782474e-11	-6.17652204414829	0	0.352	1.23697886045286e-06	DPM2	c21
1.05026251053421e-08	-6.17628837952227	0	0.284	0.000352237040782964	GGNBP2	c21
3.38717317262179e-11	-6.17521541528025	0	0.353	1.1359901386339e-06	NELFE	c21
3.97314519847063e-11	-6.16954445631853	0	0.351	1.33251343666308e-06	POP7	c21
0.0169696609972562	6.16938227962344	0.012	0.001	1	SSTR2	c21
1.32637700903315e-10	-6.16913149679849	0	0.337	4.44840321289538e-06	ADA	c21
3.38717318337576e-11	-6.16877097698597	0	0.353	1.13599014224056e-06	SSSCA1	c21
2.5328185741008e-08	-6.1684256168385	0	0.272	0.000849456693381925	GOLGA4	c21
8.39394194244759e-11	-6.16756107515453	0	0.343	2.81516024865807e-06	EIF2S1	c21
5.57536050055089e-10	-6.1660599591756	0	0.32	1.86986440467476e-05	MGST3	c21
3.95160916207457e-07	-6.16023466262225	0	0.235	0.0132529068077657	IL16	c21
6.94700273124768e-10	-6.15956137695093	0	0.318	2.32988577600585e-05	NME3	c21
9.74390746900706e-09	-6.159136649307	0	0.285	0.000326791168695559	DHX9	c21
3.92090873137954e-09	-6.15559659502702	0	0.296	0.000131499437033007	EIF2S3	c21
9.08630589198077e-10	-6.15540973512729	0	0.315	3.04736527005251e-05	CALHM2	c21
2.33535660911987e-07	-6.15315767900042	0	0.242	0.00783231899566622	TCTN3	c21
1.23301505552027e-07	-6.15242980882644	0	0.251	0.00413528589320388	DDX6	c21
4.46480858376287e-11	-6.15170153408129	0	0.35	1.49740750282239e-06	RPUSD3	c21
3.57242051640356e-11	-6.15118404741789	0	0.353	1.19811839279143e-06	GPS1	c21
9.61344348458799e-11	-6.14979880865729	0	0.341	3.22415667586112e-06	PPP1R11	c21
5.81420173717008e-11	-6.14970527838377	0	0.347	1.9499669786121e-06	CHCHD5	c21
9.81583297791231e-11	-6.14837299693669	0	0.341	3.29203406413223e-06	UBE2E3	c21
1.2837260488835e-09	-6.14812072875482	0	0.31	4.3053604227455e-05	MAX	c21
6.95196459070408e-11	-6.14601855248572	0	0.345	2.33154988443033e-06	PPIH	c21
9.71412270204581e-11	-6.1421487646936	0	0.341	3.25792247181212e-06	ARPP19	c21
1.10057351353258e-10	-6.13702040042946	0	0.34	3.69110344968557e-06	POLR2H	c21
3.92234545468822e-06	-6.13359228165109	0	0.202	0.131547621859333	INPP4B	c21
4.21905993004263e-08	-6.13320612071467	0	0.266	0.0014149883193377	OAS1	c21
2.83415035981727e-10	-6.13280142101334	0	0.329	9.50517347675516e-06	MED10	c21
2.33496756731959e-10	-6.12796966637624	0	0.331	7.83101422727644e-06	DR1	c21
4.27949550152438e-11	-6.1185224267944	0	0.351	1.43525720130125e-06	BOLA3	c21
1.72258403302429e-09	-6.11764147205818	0	0.307	5.77720232995687e-05	NCOA4	c21
1.9939422692533e-09	-6.11536947156524	0	0.305	6.68728358262172e-05	CARD16	c21
7.72014737485618e-11	-6.11247799538443	0	0.344	2.58918302657927e-06	NDUFB5	c21
7.01662486191776e-10	-6.11066312785307	0	0.318	2.35323564618998e-05	SRP72	c21
4.29307315644036e-10	-6.10905535970512	0	0.324	1.43981087520697e-05	NAA50	c21
9.36047993402633e-10	-6.10827692418395	0	0.314	3.13931776027375e-05	RAB14	c21
8.0225803392511e-05	-6.10439532482502	0	0.155	1	TRIM22	c21
8.39394183033795e-11	-6.1039345095399	0	0.343	2.81516021105874e-06	MRPL33	c21
4.70038724753534e-10	-6.10226160185358	0	0.323	1.5764158750784e-05	GNAI3	c21
5.14669981693895e-08	-6.10128847883187	0	0.263	0.00172610018460498	CDKN1B	c21
1.07506147900321e-09	-6.09952586924479	0	0.312	3.60554118828097e-05	SMC2	c21
1.30922119638503e-09	-6.09912387613569	0	0.31	4.39086604843611e-05	GRSF1	c21
1.73442565546666e-10	-6.09667222832557	0	0.334	5.8169167633041e-06	COMMD4	c21
6.74216301124072e-10	-6.09392202857781	0	0.318	2.26118663070991e-05	GTF2F1	c21
2.26073268735297e-05	-6.09194702932497	0	0.175	0.758204528684439	CSF2	c21
3.92090872474442e-09	-6.08695998214671	0	0.296	0.000131499436810478	HNRNPLL	c21
8.48210971686153e-11	-6.08413469747847	0	0.343	2.84472995684102e-06	RABIF	c21
1.60863970082331e-09	-6.08320823478757	0	0.308	5.39505582862122e-05	MFSD5	c21
9.21025103666293e-09	-6.0815064944108	0	0.286	0.000308893399267601	GPR108	c21
1.29920575995838e-10	-6.07863211300152	0	0.338	4.35727627774842e-06	SUGT1	c21
2.1736523380331e-10	-6.07600024076637	0	0.332	7.2899952112954e-06	PRPF38A	c21
1.18352349275857e-10	-6.07587308715168	0	0.339	3.9693010900137e-06	UBE2V2	c21
1.118355913754e-09	-6.07291035876984	0	0.312	3.75074206354817e-05	PSMD12	c21
1.64042148125172e-09	-6.06983736386682	0	0.307	5.50164556382203e-05	SDCBP	c21
9.36047996415033e-10	-6.06821570404835	0	0.314	3.13931777037674e-05	BCL2L1	c21
1.15324667327221e-08	-6.06787359611956	0	0.283	0.000386775869282035	CCNB2	c21
2.02325274647189e-10	-6.06632465929233	0	0.333	6.78558506111742e-06	THYN1	c21
1.80724226830608e-10	-6.06511713252738	0	0.334	6.06112911944494e-06	COPS5	c21
4.08191649846002e-10	-6.06484828348022	0	0.324	1.36899315525352e-05	RBBP7	c21
5.58168016757041e-09	-6.06418067440524	0	0.292	0.000187198389459976	RCN2	c21
2.42153192771697e-09	-6.06258629395192	0	0.302	8.12133377917719e-05	SLC50A1	c21
2.77704428501888e-10	-6.06136965377109	0	0.329	9.31365112309632e-06	NDUFB1	c21
7.5987036033911e-10	-6.05972209555177	0	0.317	2.54845321450531e-05	CPSF6	c21
2.48251003303982e-10	-6.05840536950394	0	0.33	8.32584214880896e-06	CAPZA2	c21
4.39624905881606e-05	-6.0575101472599	0	0.164	1	GPR25	c21
3.54324264011013e-10	-6.05609484550121	0	0.326	1.18833271664014e-05	AKR1B1	c21
4.23308739108044e-09	-6.05398989589569	0	0.295	0.000141969284922056	PSMB8-AS1	c21
1.65654161003278e-09	-6.05277674263819	0	0.307	5.55570925172793e-05	ASF1B	c21
1.33331136063769e-05	-6.04967294948775	0	0.183	0.447165964130668	TC2N	c21
3.45526703825474e-08	-6.046435781841	0	0.268	0.00115882745928987	SF3B3	c21
0.00678852852951106	-6.04562458089463	0	0.079	1	TRAV13-1	c21
1.43020600028898e-09	-6.04211445475323	0	0.309	4.79662488376919e-05	SF3A3	c21
3.95971808161353e-08	-6.03485502778798	0	0.266	0.00132801025021155	ETS1	c21
1.25871626118519e-09	-6.03226800207642	0	0.311	4.22148259676288e-05	ALKBH7	c21
2.04409800194061e-10	-6.03102040584953	0	0.332	6.85549587890841e-06	ITPA	c21
1.28988837110366e-08	-6.03089217777587	0	0.281	0.000432602761900746	DEGS1	c21
6.04037508901279e-10	-6.03083074016725	0	0.319	2.02582099735311e-05	RSL24D1	c21
3.13735357684816e-10	-6.02741438156398	0	0.327	1.05220564260333e-05	TMEM183A	c21
1.60863970917895e-09	-6.02590941194024	0	0.308	5.39505585664438e-05	ATF4	c21
2.67596190146119e-08	-6.02532990026649	0	0.272	0.000897464102512055	TMX4	c21
5.51975329153197e-10	-6.02368910536768	0	0.321	1.85121485891399e-05	JAGN1	c21
1.8183582279763e-08	-6.02359337391416	0	0.277	0.000609840982498692	GUSB	c21
4.25000481890564e-10	-6.02302706022442	0	0.324	1.42536661616457e-05	POLR2G	c21
1.73949245954343e-09	-6.02297037535639	0	0.307	5.83390981081674e-05	SDF2	c21
3.02452953905528e-09	-6.022638290485	0	0.3	0.000101436671680836	RBCK1	c21
1.1120655336579e-10	-6.02044034450752	0	0.34	3.72964538678188e-06	MRPS11	c21
5.14540113938728e-10	-6.02015527422185	0	0.321	1.7256646341277e-05	CBR1	c21
1.98218400876491e-10	-6.01903119928492	0	0.333	6.64784872859574e-06	URM1	c21
4.19277618486866e-09	-6.01769119209838	0	0.296	0.000140617327688125	YIPF3	c21
3.11327118448857e-09	-6.0142307413186	0	0.299	0.000104412888985378	CRIP1	c21
8.6513346969565e-08	-6.01216558161245	0	0.256	0.00290148463066527	SSH2	c21
2.6123936973261e-10	-6.01076622451128	0	0.33	8.76144598209228e-06	ABT1	c21
7.20927715455105e-09	-6.00957871333792	0	0.289	0.000241784737209333	ZFR	c21
1.14063744965657e-09	-6.00866044108806	0	0.312	3.82546987865821e-05	GTF2B	c21
4.16513173039474e-10	-6.008358712306	0	0.324	1.39690187973979e-05	IDH3G	c21
3.29844990644787e-09	-6.00570539031919	0	0.299	0.000110623412962449	MRFAP1L1	c21
1.60863971010737e-09	-5.99902046034047	0	0.308	5.39505585975811e-05	PPP4R2	c21
1.53276895485696e-10	-5.99764676589449	0	0.336	5.14060052079928e-06	MRPL22	c21
2.99550180723588e-09	-5.99720772251644	0	0.3	0.000100463139611077	RPL36A	c21
3.50754489656967e-10	-5.9930628538539	0	0.326	1.17636040741154e-05	VTI1B	c21
5.24974921547652e-10	-5.99262437962581	0	0.321	1.76066089188651e-05	SMIM26	c21
4.70270361001139e-08	-5.992293048258	0	0.264	0.00157719273672562	TRPV2	c21
4.08191646187834e-10	-5.99228296957132	0	0.324	1.36899314298476e-05	MRPL21	c21
2.15530659074857e-09	-5.99107286238686	0	0.304	7.22846724405255e-05	IGBP1	c21
1.40241056419835e-09	-5.99093239994011	0	0.309	4.70340455020844e-05	ACAA1	c21
6.07969376205828e-09	-5.98754655824379	0	0.291	0.00020390076939191	TUBA1A	c21
3.18805338435588e-07	-5.98547823874084	0	0.238	0.0106920934404528	ETNK1	c21
9.26820210842166e-10	-5.98536366978531	0	0.314	3.10836962312246e-05	PPP6C	c21
1.01507681810436e-07	-5.98431122862406	0	0.254	0.00340436463255841	TESPA1	c21
3.01244535751681e-10	-5.98417278317834	0	0.328	1.01031392400399e-05	DCPS	c21
6.44323968329579e-08	-5.98393584337722	0	0.26	0.00216093372498374	C1GALT1C1	c21
1.36170446392643e-09	-5.98386524327627	0	0.31	4.56688443111645e-05	RPA1	c21
5.05474805776549e-08	-5.98298864071787	0	0.263	0.00169526140361339	APOL6	c21
6.69668108526086e-07	-5.98036682263959	0	0.227	0.0224593290237479	FRYL	c21
3.49437194889885e-09	-5.97890661972536	0	0.298	0.00011719424642217	DERL2	c21
4.70226448223981e-09	-5.97744231280508	0	0.294	0.000157704546205359	STAU1	c21
1.67281645476019e-09	-5.97516266973448	0	0.307	5.61029182597471e-05	B3GAT3	c21
5.05474806043091e-08	-5.97099616676344	0	0.263	0.00169526140450732	SLCO4A1	c21
3.42783413006603e-09	-5.9697278456717	0	0.298	0.000114962701054155	NOB1	c21
3.8185759466816e-08	-5.96945324239168	0	0.267	0.00128067400099808	GRK2	c21
7.44890672262984e-10	-5.96770503785443	0	0.317	2.4982143366356e-05	SLC35B1	c21
1.59706201903029e-06	-5.96762068842228	0	0.215	0.053562265994238	CCR2	c21
0.00323743790358618	-5.96724875617861	0	0.092	1	TRAV4	c21
1.91774818498966e-09	-5.96434388921206	0	0.305	6.43174386281833e-05	HSF1	c21
1.23418280191947e-09	-5.9640656062137	0	0.311	4.13920228107751e-05	TAF9	c21
1.64237532131936e-08	-5.96177912697798	0	0.278	0.000550819835264088	ATIC	c21
1.10737521240835e-09	-5.96133916347497	0	0.312	3.71391498737512e-05	TIMM23	c21
4.83182355713637e-08	-5.9598547785085	0	0.264	0.0016204969845924	RECQL	c21
1.28372606080597e-09	-5.95621528906142	0	0.31	4.30536046273108e-05	TOR1A	c21
3.2124552156791e-08	-5.95347521218333	0	0.269	0.00107739323023446	DDB1	c21
3.33170359800963e-08	-5.95285483388043	0	0.269	0.00111738675270047	VOPP1	c21
7.59870363020924e-10	-5.95237399725851	0	0.317	2.54845322349957e-05	TRAPPC4	c21
2.93580237862652e-05	-5.9500534419373	0	0.171	0.984609401743764	BCL2	c21
6.80977812552093e-10	-5.94908136463192	0	0.318	2.28386338773721e-05	METTL5	c21
2.97562938503507e-07	-5.94831530525597	0	0.239	0.00997966583153063	PDCD6IP	c21
6.67830850544414e-08	-5.94623916243519	0	0.259	0.00223977110655586	TMEM243	c21
2.32940468031833e-09	-5.94581704513915	0	0.303	7.81235741685162e-05	IMP4	c21
5.37334384989449e-09	-5.94354904801297	0	0.292	0.000180211206037761	RAB24	c21
2.85295523435256e-08	-5.94151692304829	0	0.271	0.000956824126497162	GRINA	c21
1.7523330941253e-08	-5.93182983002758	0	0.277	0.000587697473107743	TSTD1	c21
3.39293653827344e-08	-5.93177305225385	0	0.269	0.00113792305620615	LAPTM4A	c21
2.26859492892152e-08	-5.9299926074181	0	0.274	0.000760841367261701	IL12RB1	c21
2.74620569894533e-09	-5.92843008301061	0	0.301	9.21022467312285e-05	TMEM9B	c21
1.93652564641398e-09	-5.92794736284367	0	0.305	6.49471971294319e-05	UBL7	c21
3.92090872585026e-09	-5.92595037339261	0	0.296	0.000131499436847566	RNASEH2B	c21
5.98023799514198e-10	-5.92594602354459	0	0.32	2.00565221881072e-05	DPY30	c21
0.00859545561997042	-5.92437537524999	0	0.075	1	TRDC	c21
1.24639054812423e-09	-5.92281561949108	0	0.311	4.18014462029904e-05	C8orf59	c21
4.70226450863974e-09	-5.91859702313878	0	0.294	0.00015770454709076	MRPS25	c21
7.68248292170004e-06	-5.91853611258244	0	0.191	0.257655112227976	KANSL1	c21
9.88436290462491e-08	-5.91647214853341	0	0.254	0.0033150176309531	BPTF	c21
0.000475360385281863	-5.91532878763059	0	0.125	1	FCMR	c21
1.09908391589476e-06	-5.91529283079235	0	0.22	0.0368610763712783	ENTPD1	c21
4.56949538048333e-09	-5.91446636520932	0	0.294	0.00015325173607065	YARS	c21
2.26256508423555e-09	-5.91372198925947	0	0.303	7.58819077950919e-05	WBP11	c21
7.9071826805423e-10	-5.91195873575291	0	0.316	2.65191092740028e-05	TIPRL	c21
5.19328556003113e-08	-5.91104522478726	0	0.263	0.00174172411112324	ACTN1	c21
2.56643207625022e-09	-5.90684760004283	0	0.302	8.60729989732797e-05	DNAJC19	c21
2.19758769605048e-07	-5.90421774972617	0	0.243	0.00737026961501409	CRTC3	c21
4.7206029774945e-06	-5.90392201887643	0	0.199	0.158319582659211	CCR6	c21
6.73837049144596e-08	-5.90358203036605	0	0.259	0.00225991469542115	CDK1	c21
1.40710917828404e-07	-5.90352965929578	0	0.249	0.00471916276212902	DNAJC3	c21
1.27792272897945e-08	-5.90341750372113	0	0.281	0.000428589724845127	MBD4	c21
5.52886839770069e-09	-5.90186787769108	0	0.292	0.000185427188322086	LRRFIP2	c21
2.64202447727056e-09	-5.89925782583424	0	0.301	8.86082169187001e-05	BCCIP	c21
8.84191496377864e-07	-5.8964474075368	0	0.223	0.0296540144055208	KCNA3	c21
0.00107850983455478	-5.89365101726456	0	0.111	1	FOXP3	c21
1.00320428315758e-09	-5.89303742000888	0	0.313	3.36454652485388e-05	CSRP1	c21
2.26256507841045e-09	-5.89078852587599	0	0.303	7.58819075997298e-05	ARL3	c21
1.68924750363579e-09	-5.89047509887075	0	0.307	5.66539827769371e-05	BCL2L12	c21
4.66041635459465e-08	-5.88975212023831	0	0.264	0.00156301043700395	IDS	c21
2.8543961704605e-09	-5.88735084855955	0	0.3	9.57307387649043e-05	MPST	c21
3.53102358014699e-06	-5.88721686517406	0	0.203	0.11842346883097	GCC2	c21
8.81998554009209e-10	-5.88423333706705	0	0.315	2.95804675043608e-05	NAA20	c21
7.72927527829077e-07	-5.88419405519002	0	0.225	0.0259224434283316	JMJD1C	c21
3.53466344592391e-07	-5.88368278164326	0	0.237	0.0118545542649396	CKAP5	c21
3.92396268415467e-08	-5.88193530985	0	0.267	0.00131601860501179	OXCT1	c21
3.95160919064391e-07	-5.88166518748963	0	0.235	0.0132529069035815	MKRN1	c21
8.33715340352067e-07	-5.88108682504263	0	0.224	0.0279611450847276	SLC20A1	c21
0.000970949589803346	-5.88064163440438	0	0.113	1	CD8B	c21
1.59733927113243e-08	-5.88017841637162	0	0.278	0.000535715644752395	PPHLN1	c21
7.92282498191274e-09	-5.87977387035276	0	0.287	0.000265715704243389	U2AF2	c21
4.49494625465092e-08	-5.87344487918075	0	0.265	0.00150751507488483	CMTM7	c21
5.10052182501237e-08	-5.87336315403314	0	0.263	0.00171061300967265	UBE2J1	c21
2.24783247395483e-08	-5.87149745250149	0	0.274	0.000753878055114972	TMEM248	c21
1.84440113160369e-09	-5.87103309606808	0	0.306	6.18575251517246e-05	PRPF31	c21
4.52605799994553e-09	-5.8692974376293	0	0.295	0.000151794933202173	TMED3	c21
1.29997439392747e-07	-5.86919128837854	0	0.25	0.00435985412235396	ERP44	c21
4.80968381936391e-07	-5.86680674788502	0	0.232	0.0161307175933827	PRDM1	c21
1.34839408576854e-09	-5.86622882433973	0	0.31	4.52224408485052e-05	DPH3	c21
1.30906505364388e-06	-5.86621467321933	0	0.218	0.0439034237691083	MAST4	c21
7.36871614471256e-08	-5.86587903528552	0	0.258	0.0024713200206137	MIS18BP1	c21
1.05168910122057e-07	-5.86561380941653	0	0.253	0.00352715490767355	C6orf89	c21
1.85227508015481e-08	-5.86555314034467	0	0.276	0.000621216016382321	TM2D3	c21
4.61333973405473e-09	-5.86439088952654	0	0.294	0.000154722188000728	NANS	c21
3.50254934174753e-06	-5.86377219006683	0	0.203	0.117468499823528	TMEM30A	c21
2.56902586234652e-07	-5.86301124311704	0	0.241	0.00861599893713776	CLEC2B	c21
3.10671680144934e-07	-5.85810501956376	0	0.238	0.0104193068087008	NBDY	c21
1.15194032440088e-09	-5.8570152080507	0	0.312	3.86337745997567e-05	FAM207A	c21
4.29615258438082e-08	-5.85365487992868	0	0.265	0.00144084365374964	RASSF1	c21
5.37334384237865e-09	-5.85352432330068	0	0.292	0.000180211205785695	UBE2K	c21
3.29844991672689e-09	-5.85305669125559	0	0.299	0.000110623413307186	MRPL32	c21
5.33552447753255e-08	-5.849555008308	0	0.262	0.00178942819927487	MCM4	c21
3.06923934269117e-08	-5.8490209875733	0	0.27	0.00102936149075177	MGAT1	c21
3.95971810263064e-08	-5.84729699252876	0	0.266	0.00132801025726026	ALAS1	c21
8.87044665965148e-09	-5.84707736767674	0	0.286	0.000297497040071391	GOLGA7	c21
2.21905009792757e-09	-5.84695815648284	0	0.304	7.44225021842949e-05	CISD1	c21
6.52898149997255e-07	-5.8463994537342	0	0.228	0.021896898154608	TOR1AIP1	c21
1.32644520642946e-08	-5.84596863484726	0	0.281	0.000444863193332312	CENPK	c21
4.33521258676858e-08	-5.84212780435553	0	0.265	0.00145394359735045	BCAP29	c21
1.79119657083675e-09	-5.84161186585004	0	0.306	6.00731505927229e-05	VMA21	c21
5.17260767912759e-09	-5.84140946190711	0	0.293	0.000173478916342581	PITHD1	c21
6.7475388743558e-09	-5.8413181150721	0	0.29	0.000226298958768145	NXT1	c21
1.9942242448108e-08	-5.83590396691642	0	0.276	0.000668822927224645	NSMCE1	c21
4.35630553470571e-09	-5.8347770774491	0	0.295	0.00014610177502296	TMEM256	c21
4.79286239072273e-09	-5.83436848734254	0	0.294	0.000160743018860059	RALBP1	c21
4.97920093496606e-09	-5.8333572053001	0	0.293	0.000166992440956892	APEH	c21
3.88447869326582e-07	-5.82910714974259	0	0.235	0.0130277646414749	JPX	c21
8.78742675550344e-09	-5.82650175279145	0	0.286	0.000294712718526074	ATG5	c21
3.89080177532554e-06	-5.8259378926489	0	0.202	0.130489709940868	STK38	c21
2.15970258639123e-07	-5.82344574410648	0	0.243	0.00724321053423889	FKBP11	c21
1.07011383725257e-08	-5.82270581896969	0	0.284	0.000358894778737768	RTCB	c21
1.03077085157372e-08	-5.82206570518836	0	0.284	0.000345699928200794	PLEKHB2	c21
8.70516565055547e-09	-5.82059909542092	0	0.286	0.000291953845588329	MRPS26	c21
3.11327118537189e-09	-5.82022185806684	0	0.299	0.000104412889015002	HDDC2	c21
6.58442146756153e-07	-5.81920771955051	0	0.228	0.0220828327179078	NFATC2	c21
1.84440111410114e-09	-5.8145973025474	0	0.306	6.1857524564724e-05	TIMM10	c21
4.88516411246398e-09	-5.8141795956352	0	0.294	0.000163838634003817	BLOC1S2	c21
8.9542321682809e-09	-5.81022008402642	0	0.286	0.000300307038459805	USP16	c21
0.00859545561002829	-5.80841549996356	0	0.075	1	GZMK	c21
2.16662135148936e-08	-5.8057428516359	0	0.274	0.000726641468862503	WDR77	c21
5.19273023829021e-07	-5.80526234272944	0	0.231	0.0174153786731777	NPEPPS	c21
2.82696455089665e-09	-5.80521118078978	0	0.301	9.48107371079719e-05	PEX2	c21
7.27770879991792e-09	-5.8048480508563	0	0.289	0.000244079797731647	NDUFA10	c21
6.68397944801812e-09	-5.80413097845749	0	0.29	0.000224167302727632	CNOT7	c21
2.54170728948675e-09	-5.80390509844893	0	0.302	8.52437790748065e-05	COX16	c21
3.39503081993833e-09	-5.80133678241203	0	0.298	0.000113862543639092	BCL7B	c21
7.28655212402902e-07	-5.80111766179882	0	0.226	0.0244376385135685	SMARCA2	c21
3.99677723007697e-09	-5.80103499354474	0	0.296	0.000134043914742321	TAF12	c21
1.03077085327464e-08	-5.80078572759856	0	0.284	0.000345699928771248	TMEM14C	c21
2.61658846029463e-09	-5.79694438428679	0	0.301	8.77551437813614e-05	ECHS1	c21
0.0906172967925025	-5.79325272697963	0	0.032	1	TRBV11-2	c21
4.89235001739629e-07	-5.7925039851139	0	0.232	0.0164079634883437	ZNF24	c21
1.04047213311794e-08	-5.79234795633535	0	0.284	0.000348953544005096	FAM162A	c21
5.32245801633176e-09	-5.79206736446306	0	0.293	0.000178504596951734	YIF1A	c21
1.81835823438099e-08	-5.7888206288001	0	0.277	0.000609840984646695	WASHC3	c21
1.37047463977207e-07	-5.78518970079285	0	0.25	0.00459629784686756	UBE3A	c21
2.20149463467891e-06	-5.78308154817335	0	0.21	0.0738337270578614	RBM6	c21
1.64782316887778e-07	-5.78051998129763	0	0.247	0.00552646934378231	MOSPD3	c21
7.66446091300683e-07	-5.77936383010866	0	0.226	0.0257050690100423	GIT2	c21
1.52494387655745e-08	-5.77916893265611	0	0.279	0.000511435677319839	CHTOP	c21
1.16407153144393e-08	-5.77699189124233	0	0.283	0.000390406310215666	NFYC	c21
5.22209412742379e-09	-5.77695693910654	0	0.293	0.000175138592845539	CWC15	c21
4.10594534061647e-08	-5.77533664249359	0	0.266	0.00137705194833595	WBP2	c21
1.58259685853394e-08	-5.7736259247528	0	0.279	0.000530771334415113	BID	c21
4.08383739071558e-06	-5.77168767264787	0	0.201	0.136963738409819	PIK3R1	c21
6.74753886122078e-09	-5.77090286250893	0	0.29	0.000226298958327623	TUSC2	c21
1.83749650550689e-06	-5.76935448972302	0	0.213	0.0616259578016899	NFKB2	c21
6.02228500500462e-09	-5.7684896411275	0	0.291	0.000201975394497845	CARD19	c21
1.24267221454673e-08	-5.7684642204354	0	0.282	0.000416767407314682	SIRT2	c21
6.94177851632844e-09	-5.76668418485639	0	0.289	0.000232813367880623	MCUR1	c21
5.63498439911942e-09	-5.76456625573696	0	0.292	0.000188986106777667	PSMD9	c21
4.83879832809707e-09	-5.76435087485454	0	0.294	0.000162283618327719	PCBD1	c21
1.38644261738281e-05	-5.76383360335428	0	0.182	0.464985125017845	ZBTB38	c21
2.28954449196257e-08	-5.76380055486811	0	0.274	0.000767867431714406	PDLIM2	c21
7.07429342902143e-09	-5.76361912136773	0	0.289	0.000237257653022521	PDHB	c21
2.31068278215992e-08	-5.76345097808554	0	0.274	0.000774956791480794	SEPHS2	c21
1.8374965134081e-06	-5.76197844926156	0	0.213	0.061625958066681	NR3C1	c21
2.27531151820393e-07	-5.76058247909193	0	0.243	0.00763093976975233	TAF7	c21
1.89914861264524e-09	-5.76034568037065	0	0.305	6.36936461708959e-05	RPL26L1	c21
9.83573720516539e-09	-5.75995675146982	0	0.285	0.000329870954386837	TMEM18	c21
2.70057440080338e-08	-5.75828504437609	0	0.272	0.000905718642541439	MRFAP1	c21
5.11511531191599e-06	-5.75688975179921	0	0.198	0.171550737331039	TPP1	c21
3.17383988957246e-09	-5.7549265581062	0	0.299	0.000106444242216481	MCTS1	c21
7.56878610523831e-08	-5.75286963581399	0	0.258	0.00253841948397483	CAPN1	c21
4.26795291501898e-07	-5.75249840559436	0	0.234	0.0143138604863907	CDKN2D	c21
1.27726993033118e-07	-5.75114661197764	0	0.251	0.00428370789234471	PIM3	c21
3.81857597406994e-08	-5.74602625664563	0	0.267	0.00128067401018358	TFAM	c21
0.0244593766943285	-5.74582780501962	0	0.056	1	IL22	c21
2.50941171945642e-06	-5.74339843643799	0	0.208	0.0841606502471294	PPP2R5C	c21
8.46286711856009e-09	-5.74288277607589	0	0.287	0.000283827637422268	SMIM37	c21
1.44228902265262e-08	-5.74125115325804	0	0.28	0.000483714892417235	EIF2B2	c21
1.89516319304726e-07	-5.73735574807105	0	0.245	0.00635599831684191	NAPG	c21
1.65766092248356e-08	-5.73535381083777	0	0.278	0.000555946320182537	EXOSC1	c21
7.62949341412629e-09	-5.73403474461213	0	0.288	0.000255877950122968	C12orf10	c21
4.66041637429745e-08	-5.73233926070259	0	0.264	0.00156301044361188	RNF115	c21
1.76861660915175e-08	-5.73155826794239	0	0.277	0.000593158638377314	ACD	c21
9.74390737507494e-09	-5.7314439274682	0	0.285	0.000326791165545263	C1D	c21
1.43206085174626e-07	-5.72224691695794	0	0.249	0.00480284568458659	SLC39A8	c21
7.27770882617631e-09	-5.72088197427189	0	0.289	0.000244079798612301	GGCT	c21
4.91400495961294e-06	-5.72067854075759	0	0.198	0.164805898335499	UBR5	c21
3.12663557565158e-06	-5.72010603887398	0	0.205	0.104861103936203	BBX	c21
4.96439959880852e-08	-5.71785369782949	0	0.263	0.0016649603374484	BUD23	c21
2.35353227570203e-08	-5.71693631778615	0	0.273	0.000789327654624945	ESD	c21
7.17380768219953e-08	-5.71675209384927	0	0.258	0.00240595162045608	DKC1	c21
5.17260768347290e-09	-5.71645173643274	0	0.293	0.000173478916488314	PYM1	c21
7.48683112223606e-09	-5.71556217727138	0	0.288	0.000251093342177553	MRPS23	c21
1.76861659908135e-08	-5.71551865124219	0	0.277	0.000593158634999903	TXNDC9	c21
1.21375671618116e-05	-5.71322422788875	0	0.184	0.407069727472837	ARHGEF3	c21
1.44228901439594e-08	-5.71220524487791	0	0.28	0.000483714889648109	PBDC1	c21
1.33477073134061e-07	-5.71007478204436	0	0.25	0.00447655407877014	STARD7	c21
5.19328553540277e-08	-5.70969084262523	0	0.263	0.00174172410286338	CYB561D2	c21
3.02665377425529e-06	-5.70518304699472	0	0.205	0.101507914280974	PTPN4	c21
1.10057932944773e-08	-5.70073841142428	0	0.283	0.00036911229551018	ADSL	c21
1.31998332808684e-06	-5.70014145880276	0	0.218	0.0442696008573764	STT3A	c21
4.21905990992255e-08	-5.69849577681486	0	0.266	0.00141498831258982	AP1S2	c21
5.43245415409857e-08	-5.69656583725468	0	0.262	0.00182193647420158	CAMLG	c21
3.35700083688716e-07	-5.69557227656828	0	0.237	0.0112587094067521	SRP54	c21
1.16942321220131e-07	-5.69496485146012	0	0.252	0.00392201156908076	TINF2	c21
0.084601070009717	-5.69265175879839	0	0.033	1	TRDV2	c21
3.72147828164873e-07	-5.69251802901658	0	0.236	0.0124810938609935	RABAC1	c21
1.40261795328097e-08	-5.69236615463924	0	0.28	0.000470410009171373	NENF	c21
2.6515683550683e-08	-5.69196862223289	0	0.272	0.000889282994922808	BTG3	c21
1.38963249806674e-08	-5.6900595235804	0	0.28	0.000466054947201622	RFC2	c21
1.0799902793841e-07	-5.68944780751411	0	0.253	0.00362207139899841	ACO2	c21
5.48156105559468e-08	-5.68713490924242	0	0.262	0.00183840594682534	TFPT	c21
0.000439459913872259	-5.68658697701052	0	0.126	1	TIGIT	c21
1.30196334071311e-08	-5.68580502725233	0	0.281	0.000436652465208363	CUEDC2	c21
5.07426245882771e-06	-5.68508129541426	0	0.198	0.170180614344164	CD80	c21
1.64782316929857e-07	-5.68450918250472	0	0.247	0.00552646934519354	GSPT1	c21
2.70057437690958e-08	-5.68067030204503	0	0.272	0.000905718634527935	MIF4GD	c21
3.74985764960184e-08	-5.68006215204315	0	0.267	0.00125762725852347	ZFAND2B	c21
1.63345637318335e-07	-5.67935651373028	0	0.247	0.00547828598438231	CDCA3	c21
6.24714610967831e-06	-5.67850986425976	0	0.195	0.209516786226391	RPS6KA5	c21
8.05644235497666e-08	-5.67764670345347	0	0.257	0.00270196963701207	SLC39A1	c21
3.6162639151463e-24	-5.67605180739366	0.012	0.63	1.21282259186177e-19	COTL1	c21
3.5508626069937e-08	-5.67391263342228	0	0.268	0.00119088830113355	POLD2	c21
5.41019064090419e-06	-5.67367533559516	0	0.197	0.181446973714645	SAMD9	c21
1.60508822129931e-07	-5.67196620898606	0	0.247	0.00538314487659364	SINHCAF	c21
5.38377654787268e-08	-5.67126424016771	0	0.262	0.00180561097862554	UBA3	c21
4.3045897389084e-07	-5.66953996583849	0	0.234	0.014436733066351	IRF3	c21
1.16942321129705e-07	-5.66910775702025	0	0.252	0.00392201156604806	HACD4	c21
1.09908391589476e-06	-5.66789447502125	0	0.22	0.0368610763712783	KIAA0040	c21
5.74999301930915e-07	-5.66788414761555	0	0.23	0.019284326588159	VPS36	c21
1.44609528858925e-06	-5.66726061943154	0	0.216	0.0484991437887062	PEPD	c21
1.4193050309471e-05	-5.66523286939248	0	0.182	0.476006521279038	RGCC	c21
4.45448273104482e-08	-5.66056456602122	0	0.265	0.00149394441833781	HDAC3	c21
3.3621840549551e-08	-5.65973352222096	0	0.269	0.00112760928835084	UBE2G1	c21
0.084601070042896	-5.65905164340495	0	0.033	1	TRBV13	c21
1.09926890222837e-07	-5.65860522355995	0	0.253	0.00368672804429349	HMGN4	c21
1.97962562035052e-07	-5.65755641821816	0	0.245	0.00663926840553157	FUBP1	c21
2.17856487334964e-07	-5.65733026452262	0	0.243	0.00730647087224001	WAPL	c21
0.00484529358014784	5.65699793122361	0.012	0.001	1	NHLH1	c21
4.18102139355595e-08	-5.65557142902174	0	0.266	0.00140223095497079	RNF4	c21
1.80162787308238e-08	-5.65427730348549	0	0.277	0.00060422995607437	MTX1	c21
1.5362529910914e-07	-5.65377719824492	0	0.248	0.00515228528152235	GORASP2	c21
7.50151443936486e-08	-5.652914715828	0	0.258	0.00251585791267419	FXR1	c21
4.06890216367316e-08	-5.65081095882144	0	0.266	0.00136462840765271	UCHL5	c21
8.44876820725107e-06	-5.65024139078316	0	0.19	0.283354788134787	PRKCQ	c21
3.91790381005332e-07	-5.64917507689451	0	0.235	0.0131398657981568	CREB1	c21
8.78957719098158e-06	-5.64727261405816	0	0.189	0.29478483983114	RNF19A	c21
7.70509918833541e-08	-5.64662829461999	0	0.258	0.00258413616578393	GMPR2	c21
6.67830852117275e-08	-5.64364493730064	0	0.259	0.00223977111183092	SLC52A2	c21
4.83182355968731e-08	-5.64050609847168	0	0.264	0.00162049698544793	NSFL1C	c21
3.78406460843162e-08	-5.64035819196163	0	0.267	0.0012690995883758	PAFAH1B3	c21
3.50403196903605e-30	-5.63960539647457	0.012	0.72	1.17518224177531e-25	COX8A	c21
4.53576824926939e-08	-5.63949537007768	0	0.265	0.00152120595543997	PSME3	c21
4.18102139134e-08	-5.639374372555	0	0.266	0.00140223095422761	FAM45A	c21
1.02411161811522e-07	-5.63922166684807	0	0.254	0.00343466554483481	AK3	c21
4.35578355470471e-06	-5.63689049502144	0	0.2	0.146084268857687	EPSTI1	c21
6.753508080788e-07	-5.63680485197702	0	0.227	0.0226499154013468	YTHDC1	c21
5.83764124113322e-08	-5.63606463657155	0	0.261	0.00195782811945126	SAR1A	c21
9.28899025371408e-08	-5.63527845124585	0	0.255	0.00311534155129063	FAM204A	c21
0.000213703372158203	-5.63455844308241	0	0.139	1	SERINC5	c21
8.20131257933119e-08	-5.63371678944147	0	0.257	0.0027505562128561	ATXN10	c21
1.75233309745202e-08	-5.63207773013001	0	0.277	0.000587697474223457	GTF2H5	c21
5.48156102963696e-08	-5.62977976333624	0	0.262	0.00183840593811964	UPF3A	c21
1.70612306085822e-06	-5.62966345897518	0	0.214	0.0572199552150628	STAG2	c21
8.65133469246019e-08	-5.62956002372728	0	0.256	0.0029014846291573	PET100	c21
7.77415067339339e-08	-5.62903542815998	0	0.257	0.00260729465284267	GSS	c21
7.1044693615936e-07	-5.62787750429682	0	0.227	0.0238269693449126	TMEM273	c21
3.78406459033334e-08	-5.62769376724736	0	0.267	0.00126909958230599	TSG101	c21
1.69210364383708e-06	-5.62624630547557	0	0.214	0.0567497720070079	RDH11	c21
3.99579132861997e-08	-5.62130109553615	0	0.266	0.00134010849579257	PPIF	c21
1.55350935830221e-08	-5.61821097252614	0	0.279	0.000521015968587395	LRR1	c21
3.91790380126052e-07	-5.61763073994365	0	0.235	0.0131398657686675	FAM126A	c21
3.58329756271896e-08	-5.61676829673335	0	0.268	0.00120176633658469	CHTF8	c21
5.89816969399956e-07	-5.61153879623128	0	0.229	0.0197812815197357	SLC1A5	c21
3.88852230249633e-08	-5.610646921034	0	0.267	0.00130413260981122	SLC25A1	c21
8.33715338519674e-07	-5.61004885677287	0	0.224	0.0279611450232728	ARCN1	c21
1.97870455477952e-06	-5.61003868467089	0	0.212	0.0663617933581954	CDC42EP3	c21
1.20080871845076e-07	-5.60751894190562	0	0.251	0.00402727227994017	PPID	c21
7.41045846371976e-07	-5.60681379091114	0	0.226	0.0248531955956233	CCNH	c21
1.36401266983344e-08	-5.60643148900069	0	0.28	0.00045746256920874	TMEM126A	c21
0.00554184527921855	-5.60491826117853	0	0.082	1	CCR4	c21
3.92396269248764e-08	-5.60219984077503	0	0.267	0.0013160186078065	HMGB3	c21
1.30196334533957e-08	-5.60000225074029	0	0.281	0.000436652466759984	HAUS1	c21
5.05474805376736e-08	-5.59920948302672	0	0.263	0.0016952614022725	AKR7A2	c21
0.0693995153348763	-5.59875272520982	0	0.037	1	TRBV6-5	c21
6.61876890362669e-08	-5.59697676074874	0	0.26	0.00221980271489832	YDJC	c21
1.35847108626916e-07	-5.59449711353772	0	0.25	0.00455604032912951	CPPED1	c21
4.95360095094833e-06	-5.59432609468645	0	0.198	0.166133868692905	CAND1	c21
1.43416188226234e-06	-5.59355870533468	0	0.216	0.0480989212073143	NEK7	c21
4.56976938945087e-07	-5.59239432428971	0	0.233	0.0153260925783403	CASP3	c21
2.9500666568973e-07	-5.59222727797508	0	0.239	0.00989393355390216	IKBIP	c21
3.69158036647984e-05	-5.59221634618442	0	0.167	1	LMBRD1	c21
6.4739964700949e-07	-5.59047330823834	0	0.228	0.0217124893614043	TROVE2	c21
4.30458976032083e-07	-5.58925478547426	0	0.234	0.014436733138164	STARD3	c21
1.25239927551571e-05	-5.58841656789795	0	0.184	0.420029669022459	PIAS1	c21
4.25179793709327e-06	-5.58618010869662	0	0.2	0.142596799214234	FUT8	c21
2.17856485899555e-07	-5.58613207749715	0	0.243	0.00730647082409929	MYD88	c21
1.89516319256517e-07	-5.58573284640167	0	0.245	0.00635599831522507	ERG28	c21
6.47399644462091e-07	-5.58443157532732	0	0.228	0.0217124892759696	CTCF	c21
3.24342699836331e-07	-5.58183446836735	0	0.238	0.0108778054671109	AURKB	c21
1.06104151780383e-07	-5.58174980672305	0	0.253	0.00355852104241049	SLC25A20	c21
2.92471799449025e-07	-5.58149342021819	0	0.239	0.00980891920992139	BAG6	c21
5.58107726352839e-08	-5.58130715379715	0	0.262	0.00187178169264215	PDHA1	c21
1.4643036144707e-05	-5.57755766732438	0	0.182	0.491098146221184	THEMIS	c21
1.13883815665215e-07	-5.57754331731018	0	0.252	0.00381943540977997	ECHDC1	c21
1.38738033616185e-06	-5.57749797211852	0	0.217	0.046529961714196	PTPRCAP	c21
9.61499439854561e-07	-5.57745978034128	0	0.222	0.0322467682138423	HEXB	c21
6.67830855437761e-08	-5.57701647106208	0	0.259	0.00223977112296716	NUBP2	c21
2.90558898364053e-08	-5.57590135990116	0	0.271	0.00097447643333336	GLO1	c21
4.7586806619232e-06	-5.57483847847457	0	0.199	0.15959663203958	PPM1K	c21
7.9269392980817e-07	-5.57475167791258	0	0.225	0.0265853690179064	PNPLA2	c21
1.10829237493565e-06	-5.57396588749786	0	0.22	0.0371699096705918	GART	c21
1.10903364514158e-07	-5.57309098815562	0	0.253	0.00371947703907582	PHAX	c21
7.22535831165075e-07	-5.57276773171484	0	0.226	0.0242324067056143	RSRC1	c21
3.92234546110935e-06	-5.57255566832103	0	0.202	0.131547622074685	CCR5	c21
5.05474806842718e-08	-5.57088796715016	0	0.263	0.00169526140718911	RAMMET	c21
3.18805337396233e-07	-5.57041486795329	0	0.238	0.0106920934055949	RAB8B	c21
8.12856269979849e-08	-5.56974227613459	0	0.257	0.00272615735825842	MRPS35	c21
3.28266595009265e-06	-5.56930467824896	0	0.204	0.110094050634207	ORMDL3	c21
3.33634183398208e-06	-5.56882787796441	0	0.204	0.111894232428091	LTA4H	c21
7.43482611435268e-08	-5.56879452659863	0	0.258	0.0024934919822316	MPLKIP	c21
5.63149407424658e-08	-5.56852100558566	0	0.262	0.00188869048262082	SMIM15	c21
3.21562401208302e-07	-5.56756353573301	0	0.238	0.010784559811724	TDG	c21
6.41946280666519e-07	-5.56733785626147	0	0.228	0.0215295943609937	MRTO4	c21
1.86237114067571e-07	-5.56465663109685	0	0.245	0.0062460203315982	WDR54	c21
0.000104845252897964	-5.56455163134549	0	0.15	1	SYNE1	c21
9.29816717492812e-07	-5.56361321516604	0	0.223	0.0311841930712739	SMU1	c21
4.83182354948351e-08	-5.56295631936696	0	0.264	0.00162049698202578	TTC1	c21
1.77793491284437e-06	-5.56206094785386	0	0.213	0.0596283811069746	WDR82	c21
2.16181888426823e-31	-5.56177564305187	0.012	0.738	7.2503081740588e-27	CD3D	c21
8.26737649539462e-07	-5.56163066364703	0	0.224	0.0277271272902545	AGTRAP	c21
1.07999028440554e-07	-5.560518167261	0	0.253	0.00362207141583931	MAP2K3	c21
2.08583288350675e-07	-5.55983759051158	0	0.244	0.00699546632470493	GGH	c21
0.0418110047237128	-5.55846811576994	0	0.046	1	TRAV8-6	c21
3.36891285303536e-05	-5.55712123601122	0	0.168	1	PCED1B	c21
2.2014946503767e-06	-5.55506095867027	0	0.21	0.0738337275843336	MAP3K8	c21
5.14669982914561e-08	-5.5548198584775	0	0.263	0.00172610018869886	TPD52L2	c21
7.60017629312237e-07	-5.55439077975113	0	0.226	0.0254894712518738	NOP16	c21
1.69166673787746e-07	-5.5503743389916	0	0.247	0.00567351190549342	MTIF3	c21
1.78279237319634e-07	-5.55007921530259	0	0.246	0.00597912906122588	GOLPH3	c21
4.05102941235969e-06	-5.54881389722508	0	0.201	0.135863424431719	CASP1	c21
1.27726992868904e-07	-5.54784052280084	0	0.251	0.0042837078868373	SPG21	c21
9.79708579865779e-08	-5.5461780753468	0	0.254	0.00328574663515385	ILKAP	c21
1.06298981879383e-06	-5.5460160058134	0	0.221	0.0356505525427076	WAC	c21
2.61389331009964e-07	-5.54557336440382	0	0.241	0.00876647538341218	REEP3	c21
1.08958801003692e-07	-5.54459662465264	0	0.253	0.00365426026806181	ATP6V1E1	c21
1.50953238998869e-07	-5.54432490825867	0	0.248	0.00506266972954407	POLR3GL	c21
1.14894547379082e-07	-5.54215382780652	0	0.252	0.00385333332999964	PREB	c21
5.20797069434443e-29	-5.54039357143042	0.012	0.705	1.74664921146923e-24	MRPS6	c21
2.89958172887262e-07	-5.53960314864841	0	0.239	0.00972461720229299	TMEM60	c21
6.47399645098939e-07	-5.53876434512812	0	0.228	0.0217124892973282	R3HDM4	c21
1.21467891115722e-06	-5.53697033432383	0	0.219	0.040737901322391	NT5C3A	c21
1.36455043048554e-06	-5.53533735505363	0	0.217	0.0457642923376241	ABHD14B	c21
2.03205289399182e-07	-5.53457485369309	0	0.244	0.00681509899586975	ZNF524	c21
1.07999028133688e-07	-5.53346886314247	0	0.253	0.00362207140554763	CBX1	c21
4.64533570643849e-06	-5.53275609310135	0	0.199	0.155795268922534	MED15	c21
3.18805338115788e-07	-5.53196904127936	0	0.238	0.0106920934297273	NCBP2	c21
1.97962562739226e-07	-5.52961283507367	0	0.245	0.00663926842914815	MPV17	c21
9.69583023070842e-07	-5.52816736362863	0	0.222	0.0325178754277499	SBNO1	c21
5.45367488736879e-06	-5.5280969151786	0	0.197	0.182905348372574	ABHD3	c21
0.11230819956165	-5.52717749497946	0	0.029	1	TRBV7-9	c21
7.50174957056413e-06	-5.52707141079575	0	0.192	0.25159367709758	ZNF638	c21
3.88447868454596e-07	-5.52659725397443	0	0.235	0.0130277646122302	PANK2	c21
3.95160918965877e-07	-5.52355355592481	0	0.235	0.0132529069002776	MFAP1	c21
2.18352324908254e-06	-5.51905270685569	0	0.21	0.0732310027277302	CDC40	c21
1.22218714161428e-07	-5.51735796561952	0	0.251	0.00409897123554598	POLE3	c21
1.67154444727612e-05	-5.51669535226635	0	0.179	0.560602576727464	TRABD2A	c21
2.38603025636008e-05	-5.51563515008034	0	0.174	0.800226827378043	DNAJB14	c21
1.09926889484925e-07	-5.51272233230811	0	0.253	0.0036867280195454	EBPL	c21
6.39838486161646e-06	-5.50986947684092	0	0.194	0.214589031488893	SLC6A6	c21
2.03205289450775e-07	-5.5088115191983	0	0.244	0.00681509899760008	FBXO6	c21
6.32875146604112e-08	-5.50861327373555	0	0.26	0.00212253666668087	FRG1	c21
5.28180473176937e-07	-5.50798579545276	0	0.231	0.0177141167094081	MTF2	c21
6.52898149997255e-07	-5.50634926470938	0	0.228	0.021896898154608	CERS2	c21
0.0423768281410554	-5.50497498039453	0	0.046	1	TRAV9-2	c21
3.00140797981297e-07	-5.50394914721078	0	0.239	0.0100661220826968	WDR45	c21
2.0280815491619e-06	-5.5033614599123	0	0.211	0.0680177989957919	CGAS	c21
1.17979510823987e-07	-5.50109154972036	0	0.252	0.00395679683401489	PPIE	c21
7.20968814921257e-06	-5.49980401574121	0	0.192	0.241798521148291	TMEM87A	c21
1.59706203128684e-06	-5.49919035226612	0	0.215	0.053562266405298	EED	c21
2.8746560881573e-07	-5.49863193057164	0	0.239	0.00964102158846194	ALG3	c21
7.16466536699305e-07	-5.49839566593664	0	0.226	0.0240288547078213	EAPP	c21
2.48153197345841e-07	-5.49679011028942	0	0.241	0.00832256193258483	THAP7	c21
1.84618322432191e-07	-5.49582719482401	0	0.246	0.00619172929773082	DGCR6L	c21
7.86745382796392e-06	-5.49495955263644	0	0.191	0.263858666482254	STT3B	c21
1.0110045635824e-06	-5.49367369455929	0	0.222	0.0339070710534265	NGDN	c21
1.03322481367911e-07	-5.49219030238662	0	0.254	0.00346522938011699	TPRKB	c21
2.9060480624717e-06	-5.49213934142636	0	0.206	0.097463039919176	EAF2	c21
1.7061230604498e-06	-5.49111840008633	0	0.214	0.0572199552013654	PTTG1IP	c21
7.16466534239456e-07	-5.49070839628246	0	0.226	0.0240288546253229	RNASEK	c21
8.33715344424048e-07	-5.49024786374232	0	0.224	0.0279611452212937	RRM2	c21
1.9117696367504e-07	-5.48862697027593	0	0.245	0.00641169300773349	SBDS	c21
1.76334091641097e-06	-5.48859715068135	0	0.213	0.0591389276545911	INTS10	c21
0.000732791954296971	-5.48648964461022	0	0.118	1	NFKBIZ	c21
1.71096823585491e-05	-5.48007359605123	0	0.179	0.573824526941021	FAM3C	c21
3.75353574687972e-07	-5.47994136854004	0	0.236	0.0125886081878852	C15orf40	c21
1.79843821851377e-07	-5.47901793260717	0	0.246	0.00603160209725149	LYRM4	c21
1.79264654428057e-06	-5.47853440897779	0	0.213	0.0601217798020817	FBXO9	c21
5.55805584348565e-07	-5.4782754146777	0	0.23	0.0186406076878822	SMARCE1	c21
2.19203554965152e-05	-5.47545888017446	0	0.175	0.735164882642125	TAGAP	c21
1.80747674231151e-06	-5.47485752780567	0	0.213	0.0606191549836434	SNHG7	c21
1.79843821301603e-07	-5.47382196565159	0	0.246	0.00603160207881316	NTMT1	c21
2.42871442570456e-06	-5.4719595041863	0	0.209	0.0814542244092794	MITD1	c21
1.66231313541033e-07	-5.47189923724928	0	0.247	0.00557506579353916	CHMP4B	c21
2.33535659730612e-07	-5.47001486611835	0	0.242	0.00783231895604527	CMC1	c21
2.95371790335623e-06	-5.46699590124743	0	0.206	0.0990617910427613	SLC39A7	c21
2.10406599890328e-07	-5.46464131277126	0	0.244	0.00705661654712182	SMIM29	c21
8.88528795293462e-08	-5.46294264859998	0	0.256	0.00297994787365521	FTSJ1	c21
2.95371789987476e-06	-5.46090983840012	0	0.206	0.0990617909259998	GNPTG	c21
1.89900013003691e-06	-5.45977456203937	0	0.212	0.063688666361178	FARS2	c21
0.00050161275755112	5.4566807438321	0.012	0.001	1	MOCS1	c21
0.00267379514674643	5.45537070069794	0.012	0.001	1	FGF11	c21
5.07426241523631e-06	-5.45430649461975	0	0.198	0.170180612882195	USP8	c21
1.79264654042372e-06	-5.4542382471903	0	0.213	0.0601217796727308	ADSS	c21
3.88447870198565e-07	-5.45325219812022	0	0.235	0.0130277646707195	VRK1	c21
1.53238017049312e-06	-5.45021898664567	0	0.215	0.0513929661579984	YIPF5	c21
8.44876826913e-06	-5.4497582182697	0	0.19	0.283354790210082	FAF2	c21
2.07865797138302e-06	-5.44810592780572	0	0.211	0.0697140310442439	CALU	c21
6.90858178917229e-05	-5.4473986875044	0	0.157	1	TUT4	c21
3.78586232694055e-07	-5.44664399349216	0	0.236	0.0126970250720932	AKIP1	c21
2.65696013511921e-06	-5.44541514449014	0	0.207	0.0891091290116282	KRCC1	c21
0.0532829324257875	-5.44421306516999	0	0.042	1	TRAV12-2	c21
3.88447869326582e-07	-5.4429339960028	0	0.235	0.0130277646414749	YEATS4	c21
9.89430162239223e-06	-5.44139218196674	0	0.188	0.331835087811791	PBRM1	c21
7.10996263512073e-08	-5.44012709032916	0	0.259	0.00238453926856679	PDZD11	c21
9.77732809793454e-07	-5.43849315553824	0	0.222	0.0327912029748528	ACADM	c21
2.20149462107417e-06	-5.43758711632073	0	0.21	0.0738337266015854	SNX20	c21
1.41058219089032e-06	-5.43650026708927	0	0.217	0.0473081055180795	AGGF1	c21
4.0892793360908e-07	-5.43426391353655	0	0.234	0.0137146250373813	SLC35B2	c21
8.05675879958421e-06	-5.43344338026617	0	0.191	0.270207576620455	PPP4R3B	c21
3.59589593466909e-07	-5.43038277275656	0	0.236	0.0120599157856932	BLOC1S1	c21
7.77415067339339e-08	-5.43010220862405	0	0.257	0.00260729465284267	OVCA2	c21
1.83474986078482e-05	-5.42990792670691	0	0.178	0.615338408310013	SENP6	c21
1.47025299867008e-06	-5.42460544876752	0	0.216	0.0493093450693972	CKAP2	c21
6.31173502399606e-07	-5.42376711770461	0	0.228	0.021168296923478	HAT1	c21
6.52898149194621e-07	-5.42238971832088	0	0.228	0.0218968981276892	HTRA2	c21
1.79843821347418e-07	-5.42199350155445	0	0.246	0.00603160208034969	EIF2B1	c21
1.93049935128534e-06	-5.4214717884925	0	0.212	0.0647450872434078	COPG1	c21
3.41523219406072e-07	-5.41766736091545	0	0.237	0.0114540057324408	DPP3	c21
1.26606315363101e-07	-5.41699500018189	0	0.251	0.00424612260464768	EMC9	c21
2.08583289144489e-07	-5.41587139946384	0	0.244	0.00699546635132788	PAGR1	c21
1.00258465815945e-06	-5.41580984796255	0	0.222	0.0336246842653518	ARL8B	c21
1.89516319063679e-07	-5.41501767772506	0	0.245	0.00635599830875766	UQCC3	c21
1.02805156575629e-06	-5.4119995388095	0	0.221	0.0344787934123344	ERO1A	c21
3.9541381359772e-06	-5.41164438572728	0	0.201	0.132613884804403	TMEM33	c21
0.0309169408673298	-5.41079189292412	0	0.051	1	TYROBP	c21
1.22218713028722e-07	-5.40732984774814	0	0.251	0.00409897119755726	CAMTA1	c21
1.14890769085546e-05	-5.40536528095867	0	0.185	0.385320661359103	GCHFR	c21
1.19462283777744e-06	-5.40345804386993	0	0.219	0.0400652607333799	ARG2	c21
7.93006910121447e-06	-5.40181558012905	0	0.191	0.265958657516531	PHF20	c21
5.86066145984967e-06	-5.39962686443852	0	0.196	0.196554864040438	EXOSC10	c21
3.78586233450009e-07	-5.3986614495884	0	0.236	0.0126970250974464	DCTN5	c21
5.23708295279289e-07	-5.39766787059902	0	0.231	0.0175641288070768	FAM173A	c21
1.61921171850249e-07	-5.39719540968872	0	0.247	0.00543051226151365	CFAP20	c21
3.05361993303572e-07	-5.3964887360899	0	0.239	0.0102412305314152	MED11	c21
0.000150479860918803	-5.39567128026597	0	0.144	1	P2RY10	c21
1.77793490986854e-06	-5.39503259414395	0	0.213	0.059628381007171	CKAP2L	c21
1.43416187984746e-06	-5.39502430774481	0	0.216	0.0480989211263241	DNAJA3	c21
2.95006664355208e-07	-5.39483798435582	0	0.239	0.00989393350914495	ZNF511	c21
0.101900376541022	-5.3948127614048	0	0.03	1	TRBV5-4	c21
2.04481583147842e-05	-5.39436215007141	0	0.176	0.685790333561234	GLB1	c21
5.41019063087316e-06	-5.3942693173093	0	0.197	0.181446973378224	SFT2D2	c21
0.0105877548835361	-5.39381374543389	0	0.071	1	TCF7	c21
2.21961007779976e-06	-5.39375586951012	0	0.21	0.0744412827892484	ANXA4	c21
4.08383739930149e-06	-5.39270643531259	0	0.201	0.136963738697773	RAP1GDS1	c21
3.64719199149285e-06	-5.39155788836598	0	0.203	0.122319525010687	FAM133B	c21
1.43206085284752e-07	-5.39132004190258	0	0.249	0.00480284568828001	NDUFS4	c21
3.18805338435588e-07	-5.39105430437543	0	0.238	0.0106920934404528	MRPS10	c21
1.04550300929223e-05	-5.39047856824039	0	0.187	0.350640799256428	ENOSF1	c21
2.61389330021316e-07	-5.39030304976338	0	0.241	0.00876647535025491	COASY	c21
2.74503218845376e-06	-5.38987179565321	0	0.207	0.0920628895363623	TRIM27	c21
2.29515738378471e-07	-5.38962345538727	0	0.243	0.00769749883373716	DDT	c21
3.34329934740279e-05	-5.38934266013472	0	0.169	1	VTI1A	c21
8.26549596343527e-05	-5.388891921243	0	0.154	1	CNST	c21
5.97452445533424e-26	-5.38854097732948	0.012	0.661	2.00373601183e-21	PDIA6	c21
1.11757598250739e-06	-5.38777565984394	0	0.22	0.0374812633013327	NSL1	c21
5.37236764824754e-07	-5.38704578139644	0	0.231	0.0180178466186926	PCK2	c21
3.56515155472471e-07	-5.38475452992273	0	0.236	0.0119568052842357	KLHDC3	c21
1.08995001693451e-06	-5.38383514313712	0	0.22	0.0365547436679497	NGRN	c21
6.75350809737718e-07	-5.38255782951335	0	0.227	0.0226499154569836	ARL2BP	c21
1.86341852180753e-05	-5.38089985375122	0	0.178	0.62495330384381	HYOU1	c21
3.44471590245663e-07	-5.37439668588961	0	0.237	0.0115528881936591	ISCA2	c21
2.27483196971358e-06	-5.37412641493881	0	0.21	0.076293314600254	SMIM10L1	c21
2.9060480624717e-06	-5.37382032938107	0	0.206	0.097463039919176	CNOT8	c21
2.7227512287751e-06	-5.37230718494874	0	0.207	0.0913156307106593	MEI1	c21
2.31517191419637e-07	-5.37170130743603	0	0.242	0.00776462356583178	RHNO1	c21
6.92682312177423e-07	-5.37082017788138	0	0.227	0.0232311793858064	PGRMC1	c21
6.36537680797063e-07	-5.37040621864911	0	0.228	0.0213482007385719	CAPNS1	c21
5.51105582036033e-07	-5.37011974479867	0	0.23	0.0184829790103245	NMRAL1	c21
4.60892881913126e-07	-5.36999580026707	0	0.233	0.0154574254736024	E2F4	c21
1.74886363985827e-06	-5.36860898471608	0	0.214	0.0586533887535665	HPCAL1	c21
1.94643924092937e-06	-5.36741433585326	0	0.212	0.0652796792622892	GLA	c21
2.26073266722074e-05	-5.36741181349476	0	0.175	0.758204521932491	ATP2B1	c21
2.65952423784053e-07	-5.36708922875019	0	0.24	0.00891951238886958	ATP6V1D	c21
0.00589004809036058	-5.36660614591301	0	0.081	1	CD27	c21
3.85950523345002e-06	-5.36656632322067	0	0.202	0.129440086519447	GRK6	c21
4.9935076508711e-06	-5.36604957906574	0	0.198	0.167472259594915	SMARCC1	c21
1.24262780562445e-05	-5.3651495473253	0	0.184	0.416752513450328	FYN	c21
1.35432158290415e-05	-5.36463705909303	0	0.183	0.454212372474393	GBA	c21
0.000104071274345732	-5.36441872355447	0	0.15	1	TRPM7	c21
6.15343916655121e-07	-5.36222657628968	0	0.229	0.0206374042767794	CDCA4	c21
7.92693932909814e-07	-5.36215957744809	0	0.225	0.0265853691219293	SYAP1	c21
5.6071780946199e-24	-5.36111046524355	0.012	0.629	1.88053538937362e-19	CALM2	c21
1.27683549233288e-06	-5.35873504032372	0	0.218	0.04282250874186	DCAF13	c21
4.11690407905988e-06	-5.35815748851746	0	0.201	0.13807272900351	JKAMP	c21
1.54510896140693e-06	-5.35686675102644	0	0.215	0.0518198643476655	DDX56	c21
1.2046102145369e-06	-5.35665045402416	0	0.219	0.0404002173751386	FAM192A	c21
2.67771706772913e-05	-5.35292105375573	0	0.172	0.898052750174995	POLR2B	c21
3.61780569059894e-06	-5.35221623276391	0	0.203	0.121333967251307	PPP2R2A	c21
1.75129685696934e-05	-5.35132322938665	0	0.179	0.587349939890376	ZNF644	c21
2.6777170552695e-05	-5.35124526417477	0	0.172	0.898052745996285	IRAK4	c21
1.94643923814397e-06	-5.35060864003098	0	0.212	0.0652796791688724	SNHG15	c21
4.4982912116731e-06	-5.34799755835001	0	0.2	0.150863690657093	LPCAT3	c21
3.62689869626031e-07	-5.34775502574706	0	0.236	0.0121638928475178	MVB12A	c21
9.69583024249779e-07	-5.34764578439824	0	0.222	0.0325178754672891	REEP4	c21
1.90724105436136e-05	-5.34701060681573	0	0.177	0.639650504811713	SCAF4	c21
7.55743233048459e-05	-5.34665112414824	0	0.156	1	LPGAT1	c21
4.8875903358034e-05	-5.34608194623032	0	0.163	1	SLC7A6	c21
3.88447869520355e-07	-5.34599836727715	0	0.235	0.0130277646479737	COMMD5	c21
3.50442950512294e-07	-5.34590751680695	0	0.237	0.0117531556742813	PIN4	c21
1.76727928413421e-07	-5.34357275616542	0	0.246	0.0059271012631293	PFDN6	c21
1.41930502710543e-05	-5.34220448925348	0	0.182	0.476006519990618	TAB2	c21
2.48153197471166e-07	-5.34202507565292	0	0.241	0.00832256193678796	UBL4A	c21
5.79897760215481e-07	-5.339397687932	0	0.229	0.0194486110821068	HAUS4	c21
1.93049935220642e-06	-5.33889335370985	0	0.212	0.0647450872742988	ARL16	c21
2.14800813419948e-06	-5.33799317918374	0	0.211	0.0720398968047823	GTPBP4	c21
6.71163390644705e-06	-5.33740483063037	0	0.194	0.225094777954421	IST1	c21
1.07892147066192e-05	-5.33662871424382	0	0.186	0.361848682830593	ARSA	c21
4.28618826306329e-06	-5.33552807182632	0	0.2	0.143750181966617	CUL1	c21
6.9840394967456e-06	-5.3355095992359	0	0.193	0.234230716641854	NAAA	c21
3.31787551594539e-05	-5.33415581276967	0	0.169	1	PRKX	c21
1.82057706347434e-05	-5.33352813117413	0	0.178	0.610585135548024	NTRK2	c21
3.10671681158492e-07	-5.33175398413835	0	0.238	0.0104193068426935	APIP	c21
6.05089954382852e-06	-5.33010922271755	0	0.195	0.202935068900921	HMMR	c21
0.000378120021969133	-5.32950570611311	0	0.129	1	GABPB1-AS1	c21
2.97783757245323e-06	-5.32848510234445	0	0.206	0.0998707165049363	YWHAG	c21
1.1082923727875e-06	-5.3270892074804	0	0.22	0.0371699095985472	SHARPIN	c21
7.53641706271238e-07	-5.32593479354192	0	0.226	0.0252756355449248	SRP19	c21
5.67625275370238e-06	-5.32576231327814	0	0.196	0.19037016485367	GMCL1	c21
2.09578822398963e-06	-5.32400948702757	0	0.211	0.0702885454561642	NAMPT	c21
2.88249497580098e-06	-5.32284132883659	0	0.206	0.0966731164984132	CNDP2	c21
2.61673088271943e-05	-5.32125117269164	0	0.172	0.877599203446441	APLP2	c21
1.93049934852212e-06	-5.32080563506751	0	0.212	0.0647450871507349	DNPEP	c21
6.47399648760829e-07	-5.32076922558068	0	0.228	0.0217124894201407	ERAL1	c21
6.05006496777513e-07	-5.31937541526394	0	0.229	0.0202907078889242	HADH	c21
8.99152059293724e-07	-5.31897971684036	0	0.223	0.0301557617645929	SIKE1	c21
1.89252319817267e-05	-5.31693948863711	0	0.178	0.634714430203149	KNL1	c21
5.06185721064584e-07	-5.31679234678815	0	0.231	0.016976456713064	MRPL50	c21
7.16466538983449e-07	-5.3164481147687	0	0.226	0.0240288547844269	DEDD	c21
1.35327313935124e-06	-5.31539942962884	0	0.217	0.0453860745475617	LYRM2	c21
1.63345636859403e-07	-5.31462889337143	0	0.247	0.00547828596899066	PFDN4	c21
2.06166415958322e-06	-5.31435183452599	0	0.211	0.0691440925841021	ALDH9A1	c21
3.79764594184674e-06	-5.31265497272233	0	0.202	0.127365449597656	DPF2	c21
2.21677246081869e-07	-5.31185331504625	0	0.243	0.00743461147909374	ACOT13	c21
1.58296418636644e-05	-5.31110307303028	0	0.18	0.530894528823576	KAT2B	c21
6.15343916655121e-07	-5.31000531109501	0	0.229	0.0206374042767794	MRPL15	c21
5.4182147912434e-07	-5.3083702170953	0	0.23	0.0181716087668721	PDE6D	c21
7.90374455217438e-05	-5.30669468066392	0	0.155	1	POGZ	c21
4.29740074039047e-05	-5.30586522516893	0	0.165	1	TBC1D1	c21
3.66358057170289e-05	-5.30560294606509	0	0.167	1	TNFSF14	c21
7.44531406120881e-05	-5.30554932426655	0	0.156	1	SH3BP5	c21
1.67154444052064e-05	-5.30545846041541	0	0.179	0.560602574461813	USO1	c21
0.00133899699527153	-5.30478461027614	0	0.107	1	ALDOC	c21
3.30939789155509e-06	-5.30460903366873	0	0.204	0.110990586486974	MGAT2	c21
8.65167676484499e-06	-5.30358382848303	0	0.19	0.290159935339371	EFCAB14	c21
5.28175397219811e-06	-5.30291232695704	0	0.197	0.17713946471958	LGALS8	c21
3.02709553187556e-05	-5.3024378369053	0	0.17	1	RNF125	c21
3.2298314510022e-06	-5.30079060544925	0	0.204	0.108322087203712	MOB2	c21
5.19778433430627e-06	-5.29941884347278	0	0.197	0.174323291003964	IPO5	c21
3.7367526731469e-06	-5.29916092809692	0	0.202	0.125323211152001	TSEN54	c21
5.55805585858486e-07	-5.29885732258764	0	0.23	0.0186406077385219	EXOSC7	c21
7.72869932675927e-05	-5.29857824529271	0	0.155	1	PLPP1	c21
2.31362678298835e-05	-5.29715583520309	0	0.174	0.775944150478634	MAN2B1	c21
0.00010103064367722	-5.29688647286042	0	0.151	1	AP3B1	c21
6.69668109513296e-07	-5.29591332768019	0	0.227	0.0224593290568569	ACOT8	c21
2.35054691634402e-06	-5.29547984971098	0	0.209	0.0788326424803458	ACBD6	c21
1.50722833620587e-06	-5.29517084193909	0	0.216	0.0505494239396724	PEA15	c21
1.25577998838799e-06	-5.29447117803057	0	0.218	0.0421163492505564	RPIA	c21
2.42871442225048e-06	-5.29435869410304	0	0.209	0.0814542242934364	CCDC115	c21
3.89349782996838e-05	-5.29330372440043	0	0.166	1	AP1G2	c21
0.000178090594241194	-5.2882657095697	0	0.142	1	ATF7IP	c21
2.88249496764135e-06	-5.28672807106555	0	0.206	0.0966731162247555	SURF1	c21
3.29263998192737e-05	-5.2847036828521	0	0.169	1	PLD3	c21
4.85084530348301e-07	-5.28235240467045	0	0.232	0.0162687649788213	POLR2J	c21
9.07182876766332e-06	-5.28090542035967	0	0.189	0.304250993209893	UBALD2	c21
2.40447306749503e-05	-5.28087908370466	0	0.174	0.806412177376485	CLIP1	c21
7.99391536148387e-07	-5.28014086902489	0	0.225	0.0268099933393446	PPP2CA	c21
3.52665481032188e-05	-5.27989725134392	0	0.168	1	PARP4	c21
1.2453794661745e-06	-5.27895589148069	0	0.219	0.0417675365365602	MTMR14	c21
1.42232443133837e-06	-5.27794104740669	0	0.217	0.0477019167782264	STK16	c21
2.97783757455867e-06	-5.2778708624572	0	0.206	0.0998707165755487	AZIN1	c21
0.000692533409990014	-5.27710471842887	0	0.119	1	CCDC50	c21
5.84836869886718e-07	-5.27581135355951	0	0.229	0.0196142589422608	RNASEH2A	c21
0.000122456815503009	-5.27565789364661	0	0.148	1	FAM13B	c21
0.000293949245443522	-5.27265755098117	0	0.133	1	MARCH6	c21
0.0771100389514453	5.27140584601782	0.012	0.002	1	DISP2	c21
6.96051160559453e-05	-5.27073572646892	0	0.157	1	PJA2	c21
5.55643749896455e-05	-5.26987045792941	0	0.161	1	TRIP11	c21
0.000192983905777051	-5.26919128787636	0	0.14	1	NIN	c21
3.55972324702381e-06	-5.26908789633914	0	0.203	0.119385998258684	ABCE1	c21
1.64575482576939e-05	-5.26849658568428	0	0.18	0.551953253466538	RNF13	c21
8.2654959723095e-05	-5.2668562667146	0	0.154	1	TSPAN3	c21
7.01282152854548e-05	-5.26383812903034	0	0.157	1	SOAT1	c21
2.93580239419835e-05	-5.26263703190277	0	0.171	0.984609406966244	ZC3H7A	c21
2.63537585165806e-06	-5.26177379876571	0	0.208	0.0883852353129079	UBE2Q2	c21
7.16504802783208e-25	-5.26099259935009	0.012	0.645	2.40301380757432e-20	SELPLG	c21
1.83749651516393e-06	-5.25948961677381	0	0.213	0.0616259581255679	TFG	c21
2.52999061958852e-06	-5.25726591100782	0	0.208	0.0848508253997597	CASP6	c21
4.60892879739225e-07	-5.25702757560857	0	0.233	0.0154574254006941	WDR61	c21
3.07624909623614e-06	-5.25680045667841	0	0.205	0.103171242189568	LARP7	c21
1.9979171535395e-05	-5.2565864453564	0	0.177	0.670061454954079	NUP107	c21
4.77799505573226e-05	-5.25545681006446	0	0.163	1	GPATCH8	c21
0.0275906041748253	-5.25457798539945	0	0.054	1	IL5	c21
1.50722833548175e-06	-5.25444552976667	0	0.216	0.050549423915387	ICMT	c21
1.33099030072672e-06	-5.25431309545672	0	0.218	0.0446387527057728	IFRD2	c21
2.79012809544602e-06	-5.25417520097984	0	0.207	0.0935753160650688	TXNDC15	c21
5.32423270830243e-06	-5.25408227029649	0	0.197	0.178564116571047	ISG20L2	c21
2.79012810071627e-06	-5.25352210514626	0	0.207	0.0935753162418221	RBM22	c21
5.58617986654667e-06	-5.25256362237437	0	0.196	0.187349300364242	FYTTD1	c21
1.61031387355595e-06	-5.25028723856876	0	0.215	0.0540067066913194	TYW3	c21
6.98555209491356e-07	-5.25015887415401	0	0.227	0.0234281446159211	CENPN	c21
0.000165527363606766	-5.2497586565945	0	0.143	1	MYBL1	c21
0.112831607218432	5.24893684443162	0.012	0.003	1	AL928970.1	c21
6.25853381728881e-07	-5.24880780652493	0	0.228	0.0209898707164232	USB1	c21
9.24188414579025e-05	-5.24750231731035	0	0.152	1	LIME1	c21
1.42232443544496e-06	-5.24689357905685	0	0.217	0.047701916915953	FARSB	c21
8.76802447693753e-07	-5.24676347620127	0	0.224	0.0294062004907531	ZDHHC16	c21
9.07182881532317e-06	-5.24513953846588	0	0.189	0.304250994808309	SLC38A5	c21
8.25049664198955e-06	-5.24510386789688	0	0.19	0.276705156379045	GLMP	c21
3.5886500038404e-06	-5.24493511186581	0	0.203	0.120356143828799	USE1	c21
9.88071389095187e-05	-5.24316088934222	0	0.151	1	CLK1	c21
6.47399644462091e-07	-5.24306011615509	0	0.228	0.0217124892759696	LYRM1	c21
6.09939077012298e-06	-5.24243559455196	0	0.195	0.204561367648384	GCH1	c21
6.71163391417757e-06	-5.24151489117944	0	0.194	0.225094778213687	GLOD4	c21
2.38603026643763e-05	-5.24089818168365	0	0.174	0.800226830757852	TRAPPC6A	c21
8.14315593986667e-05	-5.24023864338119	0	0.154	1	PPP1R16B	c21
1.96250731376439e-06	-5.24002885774875	0	0.212	0.0658185702890302	MMP24OS	c21
1.01949335479368e-06	-5.23885306254057	0	0.221	0.0341917681330705	PARVB	c21
2.31238759742055e-06	-5.23785012675244	0	0.209	0.0775528552422904	PLPBP	c21
1.65860083202637e-05	-5.23686769678098	0	0.18	0.556261547045003	COPB1	c21
1.54510895881064e-06	-5.23423140634334	0	0.215	0.0518198642605911	AIMP1	c21
1.41058218749564e-06	-5.23228356891872	0	0.217	0.0473081054042286	SNAP29	c21
5.54166693698801e-06	-5.23149365574351	0	0.196	0.185856425732704	DHX29	c21
1.41930503638945e-05	-5.23037272799694	0	0.182	0.476006523104295	NUTM2A-AS1	c21
6.55549260899642e-05	-5.23033185776283	0	0.158	1	RCAN3	c21
3.95313738845053e-05	-5.22999095036026	0	0.166	1	ZMPSTE24	c21
2.36985588166433e-06	-5.22891919112697	0	0.209	0.0794802265592582	TSN	c21
2.97783758017324e-06	-5.22886592903656	0	0.206	0.0998707167638501	WDR46	c21
1.0541483252671e-06	-5.22700560589707	0	0.221	0.0353540265328079	MED30	c21
0.000309170892439908	-5.22443868987424	0	0.132	1	EDEM3	c21
0.000717434137977595	-5.22428322857307	0	0.118	1	CEACAM1	c21
1.13992344379758e-05	-5.22423580962583	0	0.185	0.382307524580831	ARRDC1	c21
6.96051159808582e-05	-5.22259921398575	0	0.157	1	FOXN3	c21
1.31266226404163e-24	-5.2223123479264	0.012	0.641	4.4024067011428e-20	CSTB	c21
5.19195084902326e-05	-5.22196188925503	0	0.162	1	YPEL5	c21
4.72060297310149e-06	-5.22190150949542	0	0.199	0.158319582511878	RFX5	c21
2.02906506365981e-05	-5.21916933800286	0	0.176	0.680507841050228	MTERF4	c21
3.47329129906101e-05	-5.21667941338782	0	0.168	1	EPS15	c21
2.48899590869715e-06	-5.21599087601501	0	0.208	0.0834759447858851	ZGPAT	c21
2.48899591754062e-06	-5.21471435513267	0	0.208	0.0834759450824772	DAP	c21
1.17488952070039e-06	-5.21411702883721	0	0.219	0.0394034447452497	CCDC59	c21
1.68458639675447e-05	-5.20995252479001	0	0.179	0.564976585743513	PLAA	c21
1.70612306575924e-06	-5.20942608246615	0	0.214	0.0572199553794334	BRIX1	c21
1.99503200023669e-06	-5.20939728979455	0	0.212	0.0669093832239381	JMJD6	c21
6.08139597066978e-05	-5.20913336136098	0	0.159	1	SP140L	c21
1.18471615394492e-06	-5.20900751344575	0	0.219	0.0397330103710047	ELP6	c21
1.23506289397304e-06	-5.20870525549657	0	0.219	0.0414215393380678	CIAPIN1	c21
7.96294659027472e-05	-5.20716287766489	0	0.155	1	TOX	c21
1.01309330637366e-05	-5.20667178168528	0	0.187	0.339771233091597	ASCC2	c21
3.2298314646728e-06	-5.20619151769893	0	0.204	0.108322087662196	KCTD20	c21
6.75350810898963e-07	-5.20592169033594	0	0.227	0.0226499154959294	COPS8	c21
2.88249497920083e-06	-5.20587647737928	0	0.206	0.0966731166124373	DMAC1	c21
9.36289892484669e-06	-5.20522682427784	0	0.188	0.314012904141508	VAMP4	c21
9.66305560135501e-06	-5.20445252957477	0	0.188	0.324079558758244	DNAJB12	c21
4.18382158537809e-06	-5.20204408273164	0	0.201	0.14031700833041	CAT	c21
2.59271843621623e-06	-5.20089217145343	0	0.208	0.0869545909138199	PCIF1	c21
1.73450216667894e-06	-5.20087625646175	0	0.214	0.0581717336660784	SIGMAR1	c21
1.86341852097331e-05	-5.19973533004829	0	0.178	0.624953303564029	AARS	c21
1.9520664927858e-05	-5.19908038224863	0	0.177	0.6546840603505	JAKMIP1	c21
0.00249510893349016	-5.19580613855758	0	0.097	1	TRANK1	c21
1.15796087412681e-05	-5.19311222136669	0	0.185	0.388356917964649	SEC23B	c21
1.38738033883416e-06	-5.19290060802145	0	0.217	0.0465299618038201	DNTTIP1	c21
2.69835168060585e-05	-5.19100979954755	0	0.172	0.90497318664159	PARVG	c21
0.000128944030666905	-5.18989591431155	0	0.147	1	PTPN22	c21
6.19751115925004e-06	-5.18782966392791	0	0.195	0.207852129258928	SMNDC1	c21
0.000116287990568805	-5.18644291906351	0	0.149	1	STOM	c21
8.54994476072625e-07	-5.18489545096198	0	0.224	0.0286748047385237	UCHL3	c21
7.90374457086631e-05	-5.18416513366676	0	0.155	1	NORAD	c21
0.000134770013142729	-5.18263595970681	0	0.146	1	STX7	c21
0.000289736114683952	-5.18130696569748	0	0.133	1	OFD1	c21
6.44958566085019e-06	-5.18095750486516	0	0.194	0.216306203893594	ZNF622	c21
2.6569601382602e-06	-5.18022764596354	0	0.207	0.0891091291169707	PTRH2	c21
3.17782556236309e-06	-5.17993012365359	0	0.205	0.106577913710533	DUSP11	c21
4.60814165899508e-06	-5.17908448243474	0	0.199	0.154547854959377	SEC22C	c21
9.10548479691345e-05	-5.1779865505984	0	0.153	1	GBF1	c21
9.51182443508222e-06	-5.17640520392016	0	0.188	0.319007567903787	VPS26C	c21
0.0129490582380896	-5.17547892500355	0	0.067	1	PIK3IP1	c21
0.00434048536943103	-5.1740304579278	0	0.087	1	NCF1	c21
2.44864851047209e-06	-5.16889789643025	0	0.209	0.082122773744213	UBE2E1	c21
6.7652739275028e-06	-5.1680373994052	0	0.193	0.226893756980589	COQ10B	c21
1.35432158290415e-05	-5.16750469237453	0	0.183	0.454212372474393	DPAGT1	c21
0.0299988371867975	5.16685404010577	0.012	0.002	1	AL031775.1	c21
1.02805156700428e-06	-5.16556322211371	0	0.221	0.0344787934541897	RPL39L	c21
1.90724105564128e-05	-5.1654337628611	0	0.177	0.639650505240972	NEU1	c21
1.27216719682342e-05	-5.16380824921199	0	0.184	0.426659434470638	MDFIC	c21
2.8471924612836e-05	-5.16259928753781	0	0.171	0.954891407665294	LYSMD2	c21
0.0396233173909909	-5.16246609993243	0	0.047	1	TRGV9	c21
2.44864850757072e-06	-5.16200398008426	0	0.209	0.0821227736469069	ZCCHC17	c21
0.0560510831089042	5.16171495116742	0.012	0.002	1	AL359504.2	c21
4.05102940478737e-06	-5.16061282503352	0	0.201	0.135863424177759	BLOC1S4	c21
2.07865798276475e-06	-5.1590972795877	0	0.211	0.0697140314259643	MRPL10	c21
3.890801812641e-06	-5.15867169873273	0	0.202	0.130489711192354	KARS	c21
2.02906506547222e-05	-5.15760271344646	0	0.176	0.680507841658075	CCDC82	c21
0.0795435789002684	-5.15719354358799	0	0.035	1	IGKC	c21
4.57123769030743e-06	-5.1552346694164	0	0.199	0.15331016965753	CYB5A	c21
0.00798161168715925	-5.15468789199031	0	0.076	1	IGFBP4	c21
6.8570294012741e-05	-5.1540965250178	0	0.157	1	DNAJC4	c21
5.1562884987231e-06	-5.15321475588896	0	0.197	0.172931603670175	NINJ2	c21
1.11337922562573e-05	-5.15124265837935	0	0.186	0.373405124690358	SS18	c21
8.90455533766533e-05	-5.15059027454116	0	0.153	1	ZNF148	c21
0.0886277027797965	5.15014926325515	0.012	0.002	1	POU3F1	c21
0.000254374178844599	-5.14934140501849	0	0.136	1	KLF3	c21
2.92978855940157e-06	-5.14849694473055	0	0.206	0.0982592487052099	NIT1	c21
5.27087906952995e-05	-5.14823891372385	0	0.161	1	SQLE	c21
7.38356804456992e-06	-5.14499810596243	0	0.192	0.247630105078786	MED27	c21
3.24272839500586e-05	-5.14499311483096	0	0.169	1	PHF14	c21
3.89080180262952e-06	-5.14432754675399	0	0.202	0.130489710856589	LCMT1	c21
0.000195819208408703	-5.14410639267118	0	0.14	1	REL	c21
1.80747673151192e-06	-5.14378922797191	0	0.213	0.0606191546214467	COMMD8	c21
2.63537585477425e-06	-5.14262029193705	0	0.208	0.0883852354174189	NCBP2-AS2	c21
2.46874193510685e-06	-5.14159597115907	0	0.208	0.0827966670196136	ISCA1	c21
4.60814166757766e-06	-5.13889211858316	0	0.199	0.15454785524722	DLST	c21
2.52999061779151e-06	-5.13877333580928	0	0.208	0.0848508253394917	GFER	c21
2.44177607206145e-05	-5.13876628546536	0	0.174	0.818922859047969	TNPO1	c21
2.80386959879563e-05	-5.13829225941338	0	0.171	0.940361786044077	RMC1	c21
1.55794072286952e-06	-5.13681339921735	0	0.215	0.0522502159635978	MRPL35	c21
0.000186069557959439	-5.13498593194557	0	0.141	1	FLNB	c21
0.145707459168681	-5.13487129457267	0	0.024	1	TRBV7-6	c21
2.61673089142208e-05	-5.13410378647496	0	0.172	0.877599206365136	ZNF394	c21
1.9072410569212e-05	-5.1338434283117	0	0.177	0.639650505670233	NDFIP2	c21
8.44876826913e-06	-5.13364325907541	0	0.19	0.283354790210082	FBXW2	c21
1.61031386815047e-06	-5.13350608987698	0	0.215	0.0540067065100305	MRPL48	c21
3.10134267431566e-06	-5.13301342669677	0	0.205	0.104012830611199	SAMM50	c21
4.5659374909646e-05	-5.13223457019796	0	0.164	1	NCOA7	c21
1.60779539642242e-05	-5.13194581475143	0	0.18	0.53922242005215	NSRP1	c21
0.00038634165165449	-5.1314672738424	0	0.129	1	UBR1	c21
7.7860317197901e-22	-5.13082162494774	0.012	0.595	2.6112793181832e-17	PRDX5	c21
2.86909764400662e-05	-5.12986989692142	0	0.171	0.962237967846939	EHMT2	c21
2.06068563620264e-05	-5.12908905987103	0	0.176	0.69111274866964	CEBPZ	c21
0.000136768403760229	-5.12810038339344	0	0.146	1	KDSR	c21
0.000357021030339135	-5.12648131348525	0	0.13	1	PHF1	c21
2.76118891254844e-05	-5.12482851829008	0	0.172	0.926047537490496	NCAPG2	c21
2.46063828271722e-05	-5.12456936227562	0	0.173	0.8252488672577	DNASE2	c21
1.52250864974201e-05	-5.12430647648119	0	0.181	0.510618950950477	CCS	c21
9.2162449909009e-06	-5.12346078732943	0	0.189	0.309094424504834	NDUFS1	c21
2.55709804694422e-05	-5.12141954935591	0	0.173	0.857599542984153	PHTF1	c21
2.1090180205074e-05	-5.12033005690087	0	0.176	0.707322463717773	SMPD1	c21
1.06208425528775e-05	-5.11975405011104	0	0.186	0.356201817538407	TRPT1	c21
4.29740074414921e-05	-5.11937918374875	0	0.165	1	NOL11	c21
3.52665482040232e-05	-5.11766739213137	0	0.168	1	PPP2R5E	c21
1.37565405111254e-05	-5.11491444542797	0	0.183	0.461366855662123	NUF2	c21
3.3908721895755e-06	-5.11353781123722	0	0.204	0.113723071493983	HDDC3	c21
1.36632721438761e-36	-5.11170982175979	0.035	0.816	4.58238821161317e-32	CD52	c21
4.42968786492984e-05	-5.11121537487403	0	0.164	1	CPSF7	c21
4.77799505677398e-05	-5.11096074201709	0	0.163	1	CHMP7	c21
0.00010407127463441	-5.10930639406264	0	0.15	1	GIMAP6	c21
7.99316954137093e-06	-5.10828592095004	0	0.191	0.268074920078498	STAMBP	c21
1.30238993125041e-05	-5.1082324036768	0	0.183	0.436795535142763	SEC22B	c21
6.61082976010437e-05	5.10800835217344	0.023	0.002	1	AC007038.2	c21
1.10466565127623e-05	-5.10739561493138	0	0.186	0.370482766125022	SRP68	c21
3.30939789855398e-06	-5.1054104998689	0	0.204	0.110990586721704	RBM18	c21
3.12115086234489e-05	-5.1034064361956	0	0.17	1	NBN	c21
8.85932769291204e-06	-5.10263819001693	0	0.189	0.297124132164884	ATP6V1B2	c21
0.00150699932206009	-5.1012233596113	0	0.105	1	ST6GAL1	c21
8.12084062432983e-06	-5.10090335056824	0	0.191	0.272356752858774	STARD3NL	c21
1.16708351239043e-05	-5.10047239802641	0	0.185	0.391416468385503	STX8	c21
0.00442993900181576	-5.10045590006466	0	0.086	1	IL6ST	c21
7.50174958090043e-06	-5.10026837096246	0	0.192	0.251593677444239	NPRL2	c21
0.00061402208717906	-5.09922118081831	0	0.121	1	RAB3GAP1	c21
1.45292544475527e-05	-5.09669650642557	0	0.182	0.487282135662021	BCL3	c21
2.33152448356993e-05	-5.09576217304462	0	0.174	0.781946681299683	CREG1	c21
4.99963230514768e-05	-5.09523053448677	0	0.162	1	STX12	c21
0.000104845253009797	-5.09449404161495	0	0.15	1	TRPC4AP	c21
3.22983145935645e-06	-5.09427870768774	0	0.204	0.108322087483897	NIP7	c21
0.000622787109487193	-5.0936730177094	0	0.121	1	PLCG1	c21
0.000148286464371304	-5.09252272505071	0	0.145	1	LAMP2	c21
2.52999060820751e-06	-5.09134525099882	0	0.208	0.0848508250180633	GET4	c21
4.79705744801051e-06	-5.09127345406847	0	0.199	0.160883712691377	KNSTRN	c21
3.2427284007232e-05	-5.09110938107301	0	0.169	1	BUB1	c21
2.10901802191874e-05	-5.09018339898295	0	0.176	0.707322464191108	AP2A1	c21
5.32423273546173e-06	-5.08826536653075	0	0.197	0.178564117481915	CSTF2	c21
1.27216719164239e-05	-5.08819314455333	0	0.184	0.426659432733026	NSUN5	c21
1.46430362503067e-05	-5.08730787747835	0	0.182	0.491098149762785	NCAPG	c21
5.45367491011492e-06	-5.08697596193124	0	0.197	0.182905349135434	MED4	c21
0.000552014091912575	-5.08519437627888	0	0.123	1	MYC	c21
5.72632035761497e-05	-5.08439683420994	0	0.16	1	GLIPR2	c21
1.1046656510253e-05	-5.08403760250214	0	0.186	0.370482766040865	RNF113A	c21
8.38962561908592e-05	-5.08238846573967	0	0.154	1	OSBPL3	c21
7.96294658513977e-05	-5.08235695567818	0	0.155	1	DENND1B	c21
0.00018071247076881	-5.08233792876785	0	0.141	1	MARCH7	c21
2.65723613648297e-05	-5.08193921121339	0	0.172	0.891183855453659	PPP4R3A	c21
1.00514500587909e-05	-5.08173140480398	0	0.187	0.337105532071729	PTP4A1	c21
1.25239928118545e-05	-5.08167329076542	0	0.184	0.420029670923977	DMAP1	c21
3.33634183006304e-06	-5.08086484715387	0	0.204	0.111894232296654	TMEM141	c21
5.58617988336221e-06	-5.07977485992732	0	0.196	0.187349300928202	CS	c21
3.67681073753689e-06	-5.07944749336658	0	0.203	0.123312878515512	GALK1	c21
2.0290650627536e-05	-5.07917260934786	0	0.176	0.680507840746303	PERP	c21
2.57164268197195e-06	-5.07808462720945	0	0.208	0.0862477522679752	NUBP1	c21
5.95504076205992e-06	-5.07749610108673	0	0.195	0.199720157077966	FH	c21
4.99350764739134e-06	-5.07702881487051	0	0.198	0.167472259478211	NIT2	c21
0.000380841420509762	-5.07584430728759	0	0.129	1	DGLUCY	c21
1.14890769372308e-05	-5.07482782372447	0	0.185	0.385320662320845	CAB39	c21
3.83473485163112e-05	-5.0695110619168	0	0.166	1	TRMT10C	c21
4.26493489135206e-05	-5.06940725531698	0	0.165	1	SLU7	c21
0.000152704859848411	-5.06836005397601	0	0.144	1	GIMAP2	c21
0.000129897689776198	-5.06751903824175	0	0.147	1	DOCK11	c21
1.06208425577081e-05	-5.06729283946556	0	0.186	0.356201817700413	GPANK1	c21
5.28175399057221e-06	-5.06727073082325	0	0.197	0.177139465335811	WDR34	c21
3.29263997757523e-05	-5.0671571052568	0	0.169	1	DENND1C	c21
5.41019062836538e-06	-5.06665426022691	0	0.197	0.181446973294118	PIGF	c21
1.95206649060389e-05	-5.06664047953417	0	0.177	0.654684059618733	TTC9C	c21
0.000129897689362962	-5.06625594222195	0	0.147	1	DCAF8	c21
4.05102942277163e-06	-5.06556334033131	0	0.201	0.135863424780915	SURF2	c21
4.07509716413382e-05	-5.06283785454197	0	0.165	1	TNFAIP8L2	c21
5.81314821262525e-05	-5.06161954359995	0	0.16	1	TMEM50B	c21
0.000153829348420763	-5.05909839509622	0	0.144	1	KDM5C	c21
4.53149735127113e-05	-5.05895453551745	0	0.164	1	CDKN2AIP	c21
3.36891287602755e-05	-5.05789865611267	0	0.168	1	YY1AP1	c21
1.67331453943485e-22	-5.05725934353258	0.012	0.607	5.61196230235659e-18	NFKBIA	c21
0.00059685178603966	-5.05615664040361	0	0.121	1	HIST1H2AG	c21
1.11337922613145e-05	-5.05540090834767	0	0.186	0.373405124859965	CDKN2C	c21
5.11511535822316e-06	-5.05475338104177	0	0.198	0.171550738884088	PSMG1	c21
0.0011647032241475	-5.052757895979	0	0.11	1	CAMK2D	c21
3.20372573195894e-06	-5.05183535848781	0	0.205	0.107446553598439	NDUFV3	c21
3.85950523615907e-06	-5.05168366807887	0	0.202	0.129440086610303	TRAF7	c21
1.05376187752773e-05	-5.04959551107464	0	0.187	0.353410658485249	C1orf35	c21
2.01407871563101e-15	-5.04929078331933	0.012	0.471	6.75481719648328e-11	ALOX5AP	c21
0.000224860783546731	-5.0442264865525	0	0.138	1	USP9X	c21
3.20372573497298e-06	-5.04376351246005	0	0.205	0.107446553699524	TRIAP1	c21
1.97870455666635e-06	-5.0436037183607	0	0.212	0.0663617934214761	MINOS1	c21
3.00401642037221e-05	-5.04339106490572	0	0.17	1	CXXC1	c21
0.000131825667604334	-5.04317525767505	0	0.147	1	CNOT4	c21
4.07509716948819e-05	-5.042377009601	0	0.165	1	HSD17B12	c21
8.70794736166355e-05	-5.04143148941081	0	0.153	1	ANKRD13A	c21
1.31261867255454e-05	-5.0409607534408	0	0.183	0.44022605040134	VTA1	c21
1.96723500947516e-05	-5.04034596085039	0	0.177	0.659771277477781	POLDIP3	c21
0.000269538033614411	-5.03843628596432	0	0.135	1	GPR183	c21
8.05675884020632e-06	-5.03833283202683	0	0.191	0.27020757798284	AGPAT2	c21
1.77869526361391e-05	-5.03797356035124	0	0.179	0.596538817510833	CSTF1	c21
6.45788073852857e-05	-5.03673451668289	0	0.158	1	TOB1	c21
9.03214971055058e-52	-5.0365800595062	0.14	0.967	3.02920236992445e-47	HLA-B	c21
2.06068563896242e-05	-5.03616281820297	0	0.176	0.691112749595216	SMAD2	c21
5.81314821892763e-05	-5.03352824572679	0	0.16	1	KLHDC2	c21
1.00514500175832e-05	-5.03331311711918	0	0.187	0.337105530689706	TACO1	c21
2.49878932488488e-05	-5.02974184431312	0	0.173	0.838043963779892	RHOT2	c21
1.28216476017487e-05	-5.02946470911197	0	0.184	0.430012417267449	CHD1L	c21
0.00023317594051347	-5.02792532723153	0	0.137	1	ACSL3	c21
7.22591684283458e-05	-5.02739907892641	0	0.156	1	MAPKAPK5-AS1	c21
3.39471742475174e-05	-5.02448604138811	0	0.168	1	BARD1	c21
3.42071442021705e-05	-5.0223531750962	0	0.168	1	IP6K2	c21
0.000944084453538378	-5.02136328124637	0	0.113	1	DDHD1	c21
2.8471924575049e-05	-5.02120849019387	0	0.171	0.954891406397992	RGS9	c21
5.03372732515026e-06	-5.02053906803272	0	0.198	0.168821147030889	SPATS2L	c21
3.39087218002041e-06	-5.0195715761408	0	0.204	0.113723071173524	PTPMT1	c21
3.66358058538224e-05	-5.01777641652307	0	0.167	1	TAF1B	c21
1.79255052757725e-05	-5.01755670071477	0	0.178	0.601185595938857	CHMP2B	c21
1.11337922486717e-05	-5.01665868142515	0	0.186	0.373405124435953	SUCLA2	c21
8.12084063735496e-06	-5.01595503285974	0	0.191	0.272356753295611	ARMC10	c21
3.67681074959708e-06	-5.01430583231473	0	0.203	0.123312878919987	EMC8	c21
4.01366618833563e-05	-5.01306365227553	0	0.166	1	ATL3	c21
5.55643749413924e-05	-5.01160802200965	0	0.161	1	CHIC2	c21
4.39099266986499e-06	-5.0113982599704	0	0.2	0.147265112161932	MPC1	c21
8.05675881989527e-06	-5.01031487806982	0	0.191	0.270207577301647	CHRAC1	c21
4.68282209744597e-06	-5.00792829001022	0	0.199	0.157052487504143	CRIPT	c21
8.78957721911431e-06	-5.00740809086341	0	0.189	0.294784840774656	MRPL19	c21
1.43042678224407e-05	-5.00558013233062	0	0.182	0.479736534229015	BOP1	c21
0.000204570891535835	-5.00515565849781	0	0.139	1	SIN3A	c21
9.7395466334354e-06	-5.00364409855076	0	0.188	0.326644914992156	COPS2	c21
1.53441705753195e-05	-5.00303900569916	0	0.181	0.514612792755066	H1FX	c21
1.60779539064025e-05	-5.0016452121075	0	0.18	0.539222418112928	DUSP12	c21
0.000375417593375872	-4.99960783543562	0	0.129	1	AC116366.3	c21
0.000322827565391155	-4.99935763642465	0	0.132	1	KHDC4	c21
0.000337071847899017	-4.9990341270807	0	0.131	1	EVI2A	c21
0.00014505466660741	-4.99895300478064	0	0.145	1	RFTN1	c21
1.52250864357269e-05	-4.99665925017466	0	0.181	0.510618948881409	VPS26A	c21
1.48732086165569e-05	-4.99653700810809	0	0.181	0.498817670582084	PLRG1	c21
6.85702939239391e-05	-4.99605327064825	0	0.157	1	RNMT	c21
0.00015957393289676	-4.99590345986896	0	0.143	1	AHR	c21
0.000261849113362199	-4.9954893308375	0	0.135	1	MAP3K4	c21
1.21375672058088e-05	-4.992150784996	0	0.184	0.407069728948415	HMGXB4	c21
0.000127997194531993	-4.99162372549907	0	0.147	1	ARMC8	c21
7.15261932585557e-06	-4.99138637085487	0	0.193	0.239884546950544	PELO	c21
2.55709805375208e-05	-4.99084985808253	0	0.173	0.857599545267374	WDR74	c21
5.07426242230519e-06	-4.98937720976117	0	0.198	0.170180613119271	HEBP2	c21
7.78662399507233e-05	-4.98774474146061	0	0.155	1	ZC2HC1A	c21
1.55850656781196e-05	-4.98767404573004	0	0.181	0.522691932712777	TLNRD1	c21
1.0373071792181e-05	-4.98738222263692	0	0.187	0.347892081766166	C22orf39	c21
6.29716807427431e-06	-4.98729241819231	0	0.194	0.211194422875012	HMCES	c21
1.66076868258505e-24	-4.98727133770787	0.012	0.641	5.56988600765375e-20	RAC1	c21
1.54641614084119e-05	-4.98540970758356	0	0.181	0.518637045315317	NDUFAF4	c21
9.80222453408448e-30	-4.98494954806535	0.012	0.719	3.28747006424125e-25	COX6A1	c21
7.62177238443004e-06	-4.98475312225736	0	0.192	0.255619002229015	C1orf174	c21
8.83854371255262e-05	-4.98457122363938	0	0.153	1	MAGED2	c21
0.000107997626715519	-4.98332157800449	0	0.15	1	MARCKSL1	c21
2.26073267678355e-05	-4.97837741650236	0	0.175	0.758204525139667	NKAP	c21
3.16755828511753e-24	-4.97796990663478	0.012	0.636	1.06233569766272e-19	ATP6V0B	c21
4.46224438545104e-06	-4.97749621322087	0	0.2	0.149654752199257	GEMIN6	c21
3.98618172748201e-06	-4.97745819670709	0	0.201	0.133688562776291	BCKDK	c21
0.000517789178046334	-4.97655974034368	0	0.124	1	SNX14	c21
0.13010605651314	-4.97602884691413	0	0.026	1	TRBV3-1	c21
6.26688542810973e-05	-4.97368565017604	0	0.159	1	GFPT1	c21
1.22330707224298e-05	-4.97338139533517	0	0.184	0.41027272588885	TOR2A	c21
1.33331137118217e-05	-4.97302758197728	0	0.183	0.447165967667076	POLR2D	c21
1.59533274898286e-05	-4.97199351865533	0	0.18	0.535042697353873	CFAP298	c21
4.23270792736834e-05	-4.97179252444944	0	0.165	1	QRICH1	c21
7.78662397664974e-05	-4.97148650910591	0	0.155	1	LRIF1	c21
5.11511533210115e-06	-4.97074625240473	0	0.198	0.171550738008009	UQCRHL	c21
0.000137778396845468	-4.97072919423746	0	0.146	1	MINDY2	c21
1.46430362107068e-05	-4.97051015544847	0	0.182	0.491098148434685	ACTR10	c21
1.76494429290438e-05	-4.97035556202596	0	0.179	0.591927016954271	NUDT4	c21
0.000930925625062428	-4.96985979260323	0	0.114	1	ERAP1	c21
0.000475360388690779	-4.96917155645896	0	0.125	1	RPTOR	c21
2.07667534243805e-05	-4.96865282513568	0	0.176	0.696475376346872	NRM	c21
0.000152704860332069	-4.96776854693911	0	0.144	1	BNIP3L	c21
6.76527386985255e-06	-4.96735726760024	0	0.193	0.226893755047115	TMEM242	c21
0.000174227155315034	-4.96705247020572	0	0.142	1	CBL	c21
2.34955696292376e-05	-4.9645450064367	0	0.174	0.787994414225369	FAM110A	c21
9.73513634827579e-05	-4.96294414344451	0	0.151	1	TBL1XR1	c21
1.98251827766561e-05	-4.96263185002003	0	0.177	0.664896979963492	ABHD12	c21
1.35432158871594e-05	-4.95974738886459	0	0.183	0.454212374423553	SGO1	c21
2.1920355594202e-05	-4.95738147121885	0	0.175	0.735164885918348	PTPN18	c21
0.000127057133611248	-4.9572450104882	0	0.147	1	ELK3	c21
0.000141891537860419	-4.95676883993094	0	0.145	1	MAPRE2	c21
1.35432159024536e-05	-4.95619693557696	0	0.183	0.454212374936489	RABEP1	c21
0.000137778397166377	-4.95536463238804	0	0.146	1	IPO9	c21
2.38603026855923e-05	-4.95476908372431	0	0.174	0.800226831469394	FANCG	c21
0.000151588382835952	-4.9546011623707	0	0.144	1	FRMD4B	c21
0.000727637353545909	-4.95378053826144	0	0.118	1	MZB1	c21
0.0771100389514453	4.9499513148889	0.012	0.002	1	PHKG1	c21
5.27087907526001e-05	-4.94983735473506	0	0.161	1	TGFBR1	c21
0.000159573932795799	-4.94888219584362	0	0.143	1	ITFG1	c21
2.06068563482274e-05	-4.94876486885235	0	0.176	0.691112748206852	CEBPZOS	c21
0.00021215417120564	-4.94754360340418	0	0.139	1	CYP20A1	c21
0.000134770013057068	-4.94748762255726	0	0.146	1	CPNE3	c21
0.00019439651992213	-4.94734338669121	0	0.14	1	RNPEPL1	c21
5.7695752285573e-05	-4.94674496575175	0	0.16	1	SLC25A32	c21
0.000176793595641284	-4.94615395359712	0	0.142	1	PTCD3	c21
4.99963230623633e-05	-4.94545240758345	0	0.162	1	AFG3L2	c21
9.51182440904489e-06	-4.94408555899143	0	0.188	0.319007567030547	DDX41	c21
0.0396233173301096	-4.94389650459264	0	0.047	1	ANK3	c21
1.28216475901474e-05	-4.94353040477602	0	0.184	0.430012416878365	GLTP	c21
0.250627298346423	4.9425463390162	0.012	0.004	1	PMF1-BGLAP	c21
0.000231489283405629	-4.9422021401388	0	0.137	1	CLDND1	c21
0.000837785715712466	-4.94186348803035	0	0.115	1	CLCN3	c21
0.000499679455139744	-4.94166312183646	0	0.124	1	MIA2	c21
6.24714610679426e-06	-4.93852340303872	0	0.195	0.209516786129666	RWDD4	c21
9.03802247295737e-05	-4.93806199466914	0	0.153	1	RRAS2	c21
6.45788073573618e-05	-4.93581691651514	0	0.158	1	RALB	c21
1.54641613109803e-05	-4.93443978306194	0	0.181	0.518637042047659	RAB4A	c21
0.000315927281159203	-4.93273007672012	0	0.132	1	RNF216	c21
0.000334655962181899	-4.93270880952517	0	0.131	1	MSH6	c21
1.55850656711074e-05	-4.93211537666263	0	0.181	0.5226919324776	BRD7	c21
0.000209088539102631	-4.93207087776054	0	0.139	1	GMDS	c21
0.00198785525813802	-4.93138049977597	0	0.1	1	RASA3	c21
7.2801683422485e-05	-4.93072080115449	0	0.156	1	APOL2	c21
4.63558418365054e-05	-4.93023043721561	0	0.163	1	MGMT	c21
0.000341954754296444	-4.92846467154896	0	0.131	1	RB1	c21
0.000148286464371304	-4.92845018795532	0	0.145	1	WDFY2	c21
4.10615505867563e-05	-4.9281619683929	0	0.165	1	TCHP	c21
1.60779539750657e-05	-4.92655301978931	0	0.18	0.539222420415754	VPS4A	c21
0.00119768667806016	-4.92611699937625	0	0.109	1	NPC1	c21
9.45022249912306e-05	-4.92534495962973	0	0.152	1	CANT1	c21
5.39146683362464e-05	-4.9248873588855	0	0.161	1	BRCA1	c21
0.000309170893272693	-4.92429777636539	0	0.132	1	REV3L	c21
3.58865000888858e-06	-4.92367467450047	0	0.203	0.120356143998105	PTS	c21
0.000172957586843192	-4.9224787874589	0	0.142	1	NOL8	c21
7.84497140462584e-05	-4.9213245981194	0	0.155	1	CCDC91	c21
0.000113737872416511	-4.92118475138581	0	0.149	1	SLC7A6OS	c21
0.000544222778253305	-4.9210665716072	0	0.123	1	ECE1	c21
0.000146124232035357	-4.91994463808412	0	0.145	1	KIF14	c21
1.52250865008475e-05	-4.91962565983353	0	0.181	0.510618951065425	SAC3D1	c21
4.16896388130523e-05	-4.91868873229012	0	0.165	1	ALG13	c21
2.82545017904702e-05	-4.91802758235874	0	0.171	0.94759948104879	HIF1AN	c21
4.67079444189935e-05	-4.91790752344381	0	0.163	1	CDC6	c21
0.000905143310557663	-4.91714849541284	0	0.114	1	LPIN1	c21
5.11417408653453e-05	-4.91506699826416	0	0.162	1	ALG2	c21
0.000101030643504622	-4.91470983000425	0	0.151	1	TOMM70	c21
0.000448979755326191	-4.91437112809119	0	0.126	1	TMEM43	c21
0.000702390758235034	-4.9140345335087	0	0.118	1	TRIM44	c21
1.83474986489353e-05	-4.9137116010192	0	0.178	0.615338409687991	C1orf131	c21
1.31261867463162e-05	-4.91336457981703	0	0.183	0.440226051097951	LAMTOR3	c21
2.38603026060326e-05	-4.91263795942659	0	0.174	0.800226828801123	PTPA	c21
3.83473484574282e-05	-4.91256098997435	0	0.166	1	RAB9A	c21
0.00017809059465312	-4.91210912551717	0	0.142	1	LETMD1	c21
0.000243550332472426	-4.91191793976464	0	0.136	1	ARMCX3	c21
1.54641613979728e-05	-4.91112701645179	0	0.181	0.518637044965212	MTFP1	c21
5.81314823027196e-05	-4.91091139710028	0	0.16	1	TRIM26	c21
1.10466564951971e-05	-4.90892777119496	0	0.186	0.37048276553592	CHEK1	c21
0.000302555473486492	-4.90828872612324	0	0.133	1	NNT	c21
0.000433126250338611	4.90816277143394	0.035	0.006	1	A2M-AS1	c21
1.22330707778468e-05	-4.90812296134647	0	0.184	0.410272727747426	CMAS	c21
7.50116916179286e-05	-4.90804836988728	0	0.156	1	METTL3	c21
3.9531373988476e-05	-4.90723424525077	0	0.166	1	CTPS1	c21
2.46063828326373e-05	-4.90682797037454	0	0.173	0.825248867440988	ARL4A	c21
0.0299524778848724	4.9063099081719	0.012	0.002	1	UNC5CL	c21
5.76957524982925e-05	-4.90605328778585	0	0.16	1	EIF3B	c21
0.000184715954503463	-4.90528746808945	0	0.141	1	AL133415.1	c21
1.11337922587859e-05	-4.90510233383028	0	0.186	0.373405124775162	ARL1	c21
8.92961708507151e-06	-4.90185140856352	0	0.189	0.299481497799128	GEMIN7	c21
0.000499679456264486	-4.89923362940876	0	0.124	1	SCPEP1	c21
0.000220011187964977	-4.89741865175586	0	0.138	1	F2R	c21
0.000107200984792659	-4.89730056488504	0	0.15	1	ODF2	c21
2.95837107932482e-05	-4.89688173729477	0	0.171	0.992178492583958	WBP1	c21
4.8875903251543e-05	-4.8965304174955	0	0.163	1	SOD2	c21
2.61673087401677e-05	-4.89584138201535	0	0.172	0.877599200527743	SNAPC5	c21
0.0828789260166707	-4.89535325116986	0	0.034	1	TRAV29DV5	c21
0.000143992731289145	-4.89471153624888	0	0.145	1	ESF1	c21
0.000849657089444475	-4.89463047618695	0	0.115	1	ERCC5	c21
9.45022249103597e-05	-4.89357573679647	0	0.152	1	NADSYN1	c21
0.00044897975449704	-4.89334420602198	0	0.126	1	GATAD2B	c21
5.11417411435639e-05	-4.89254294431918	0	0.162	1	METAP1	c21
0.000122456815424971	-4.8917951306541	0	0.148	1	SRSF8	c21
8.25049664198955e-06	-4.89175918327728	0	0.19	0.276705156379045	SPTSSA	c21
0.00010720098488408	-4.89035435260693	0	0.15	1	SLC43A3	c21
0.000571971723057035	-4.88999508827087	0	0.122	1	NIPAL3	c21
0.000226500351035946	-4.88943143449367	0	0.138	1	PPM1B	c21
0.000814526994038934	-4.88891232866219	0	0.116	1	WASHC4	c21
0.000140852174615746	-4.88858063134048	0	0.145	1	MFHAS1	c21
8.38216767792045e-06	-4.88773973904573	0	0.19	0.281121139582096	MPHOSPH6	c21
5.51473975598654e-05	-4.88736936788597	0	0.161	1	TBP	c21
6.90858179066314e-05	-4.8872138319159	0	0.157	1	HJURP	c21
3.80567813449864e-05	-4.88666242715248	0	0.167	1	TMED1	c21
0.000548104924239737	-4.88662387204606	0	0.123	1	UVRAG	c21
0.000571971723057035	-4.88586998584976	0	0.122	1	USP33	c21
1.93701187516345e-05	-4.88576764250729	0	0.177	0.649635042692319	THOC6	c21
0.000160747678275826	-4.88543924859314	0	0.143	1	ARL14EP	c21
0.00546726369677844	-4.88542696618361	0	0.083	1	CD83	c21
1.9672350107942e-05	-4.88504881495912	0	0.177	0.65977127792016	TBPL1	c21
0.000118893780463505	-4.88434695068348	0	0.148	1	ZNF581	c21
4.29740075354604e-05	-4.88432369488451	0	0.165	1	TMX2	c21
0.000161929834971472	-4.88418483004015	0	0.143	1	SPNS1	c21
1.31261867314798e-05	-4.88409269822669	0	0.183	0.440226050600371	HPF1	c21
1.95206649409495e-05	-4.88388814778213	0	0.177	0.654684060789563	TDP1	c21
1.47576854147203e-05	-4.8838453793101	0	0.181	0.494943253438889	SNUPN	c21
0.000176793596124656	-4.88336577427278	0	0.142	1	RB1CC1	c21
0.000309170893080512	-4.88112737268473	0	0.132	1	VIRMA	c21
7.01282154367266e-05	-4.88073304971583	0	0.157	1	PPARG	c21
1.22330707085756e-05	-4.87843895484056	0	0.184	0.410272725424207	ACYP1	c21
8.45236949578251e-05	-4.87590401228168	0	0.154	1	NSMCE2	c21
1.63300573788159e-05	-4.87588668059211	0	0.18	0.547677464370728	TSEN15	c21
0.000166743758281903	-4.87581514692222	0	0.143	1	PXK	c21
0.00317169945520107	-4.87506579278078	0	0.092	1	NLRP1	c21
4.70626505528969e-05	-4.87443968372289	0	0.163	1	PIGC	c21
2.12537276670786e-05	-4.87417417464439	0	0.176	0.712807518498484	CNP	c21
0.00332717281948201	-4.87403675599506	0	0.091	1	PARP15	c21
0.000458700682565887	-4.8739619109554	0	0.126	1	AP1G1	c21
4.13744339913668e-05	-4.87355599335329	0	0.165	1	HDAC8	c21
3.36891287602755e-05	-4.87354156597913	0	0.168	1	ZNF330	c21
7.06551426805947e-05	-4.87322266021248	0	0.157	1	DYNLT3	c21
0.000640685094813754	-4.87209337944672	0	0.12	1	TMX3	c21
0.136696111527178	-4.87164777302648	0	0.025	1	TRAV21	c21
8.26549594213709e-05	-4.87059773312975	0	0.154	1	TBCC	c21
0.00300273301864697	-4.87042248205948	0	0.093	1	ACP5	c21
0.000104071274923088	-4.87007000404529	0	0.15	1	ALG1	c21
3.19355384994586e-05	-4.86899838138502	0	0.169	1	DUSP23	c21
1.76494428815634e-05	-4.86895578106097	0	0.179	0.591927015361874	GPX7	c21
0.000304745129107847	-4.86867723149406	0	0.133	1	GK	c21
3.05034727643832e-05	-4.86861850373796	0	0.17	1	RBMX2	c21
5.27087907755204e-05	-4.86757234883169	0	0.161	1	PLPP5	c21
0.000341954755215098	-4.86542898448688	0	0.131	1	HIST1H2AC	c21
1.84903009703332e-05	-4.86542707027134	0	0.178	0.620127713943035	TAF11	c21
1.87791595800543e-05	-4.86533081866612	0	0.178	0.62981545399586	ANAPC13	c21
3.58081639560265e-05	-4.86496179558405	0	0.168	1	UBE2D1	c21
5.99066749133066e-05	-4.86409621799173	0	0.159	1	LIX1L	c21
0.000175505804027386	-4.86384583844345	0	0.142	1	MFSD1	c21
6.60483591430068e-05	-4.86381078251806	0	0.158	1	DYNC1LI1	c21
0.000163120462510053	-4.86359204779927	0	0.143	1	SEC24C	c21
0.000201612131475967	-4.86272894203266	0	0.14	1	HSD17B11	c21
8.14315595386108e-05	-4.86213705390171	0	0.154	1	GPBP1L1	c21
0.000127997194694934	-4.86190478039394	0	0.147	1	THEMIS2	c21
4.60063248858666e-05	-4.86140577314595	0	0.164	1	CTNNBL1	c21
1.60169392110156e-32	-4.86098168436017	0.023	0.762	5.37176107259042e-28	RPL37A	c21
3.42071442398087e-05	-4.85871080261894	0	0.168	1	SLC10A3	c21
0.342181695164253	-4.85705866536343	0	0.01	1	IGHV4-34	c21
1.79255052597052e-05	-4.85329367320633	0	0.178	0.601185595399993	NUDT16L1	c21
0.000944084458291928	-4.85245235249709	0	0.113	1	ZNF267	c21
4.13744341725e-05	-4.85193574378019	0	0.165	1	STK24	c21
0.00016074767851309	-4.85163953408219	0	0.143	1	TIFA	c21
0.00125761848430917	-4.8512475340189	0	0.108	1	UBQLN2	c21
5.99066746407507e-05	-4.85089014047077	0	0.159	1	WIPI1	c21
5.35097538965285e-05	-4.8495824169863	0	0.161	1	DAXX	c21
0.000277446913169193	-4.84890328560448	0	0.134	1	SLMAP	c21
3.36891287528586e-05	-4.84878628506995	0	0.168	1	RNF8	c21
2.59670435774079e-05	-4.84809909019418	0	0.173	0.870882707499108	NT5C3B	c21
6.45788073294378e-05	-4.84786160905777	0	0.158	1	RABGGTB	c21
2.10901802191874e-05	-4.8459382791886	0	0.176	0.707322464191108	APEX2	c21
4.74199800152048e-05	-4.84556111892884	0	0.163	1	SRM	c21
4.10615506227165e-05	-4.84413072808479	0	0.165	1	SUZ12	c21
0.000327509173578205	-4.84188020537319	0	0.131	1	MSMO1	c21
0.000271494395289371	-4.84084123964037	0	0.135	1	CAMK2G	c21
0.000584282510516109	-4.84060866920681	0	0.122	1	ANXA2R	c21
2.49878930935204e-05	-4.84052841441672	0	0.173	0.838043958570486	R3HCC1	c21
0.000127057133988728	-4.84012130130903	0	0.147	1	KIFAP3	c21
5.51473976796182e-05	-4.83999672749759	0	0.161	1	TMEM263	c21
0.00132047931368768	-4.83928549707199	0	0.108	1	HERC5	c21
2.15845357993016e-05	-4.83909809851572	0	0.176	0.723902161636978	ORC6	c21
1.28216476104498e-05	-4.83897879161654	0	0.184	0.430012417559264	C1orf122	c21
1.4193050335082e-05	-4.83867993825208	0	0.182	0.476006522137982	COMMD9	c21
9.66313319805531e-05	-4.83682698829177	0	0.152	1	KIAA1191	c21
3.92320725537289e-05	-4.83639371799982	0	0.166	1	THAP4	c21
5.46923106009403e-22	-4.83560858603438	0.012	0.599	1.83427071293434e-17	PSMA5	c21
0.000605377519033283	-4.83529150670785	0	0.121	1	COL4A3BP	c21
5.81314822775099e-05	-4.83468179364555	0	0.16	1	CFDP1	c21
0.000187432826841748	-4.83466217670073	0	0.141	1	IL26	c21
0.000445784333600844	-4.83460956161018	0	0.126	1	CHFR	c21
0.000722518158782852	-4.83339637986524	0	0.118	1	TRAPPC6B	c21
5.47334685684936e-05	-4.83301274413834	0	0.161	1	MGME1	c21
0.000567924667906831	-4.8328892759516	0	0.122	1	ZCCHC7	c21
0.000424029371360054	-4.83240580361397	0	0.127	1	PURA	c21
0.000116287990939866	-4.83189695468242	0	0.149	1	GMIP	c21
9.29829467255314e-23	-4.83097146743734	0.012	0.613	3.11846206728087e-18	PPM1G	c21
0.000106410068232534	-4.83018712714003	0	0.15	1	AC017002.3	c21
3.39471742624616e-05	-4.83014516174878	0	0.168	1	EIPR1	c21
0.232614162065296	-4.82932919796881	0	0.016	1	TRBV4-1	c21
6.50650839306867e-05	-4.82888013028905	0	0.158	1	MAPK1	c21
0.000152704859783923	-4.82855175122575	0	0.144	1	PLA2G16	c21
5.59844220199599e-05	-4.82804342750127	0	0.16	1	MRPS30	c21
0.000112068148459455	-4.82799776993269	0	0.149	1	SLC2A1	c21
0.000263751051659425	-4.82653246953403	0	0.135	1	COG4	c21
0.00171921593564872	-4.82638308695493	0	0.103	1	ITPR2	c21
0.011323127387043	-4.82573079389351	0	0.07	1	SPINT2	c21
0.000273464599214297	-4.8231768398652	0	0.134	1	WDR6	c21
0.000455437776634301	-4.8220510392786	0	0.126	1	CCPG1	c21
4.04426809072571e-05	-4.82199305824906	0	0.166	1	MUS81	c21
0.0308100297002001	-4.82195027417368	0.012	0.072	1	IL17F	c21
8.20410384354271e-05	-4.8200964846571	0	0.154	1	SNAPC3	c21
0.0179794088188194	-4.82009502171633	0	0.061	1	GZMH	c21
0.000283526602981712	-4.82007538366727	0	0.134	1	SMC6	c21
0.000158408540496064	-4.81995240349827	0	0.143	1	SLC25A24	c21
0.000178090595102495	-4.81975330180224	0	0.142	1	MTO1	c21
3.66358057170289e-05	-4.81954718210605	0	0.167	1	ARMT1	c21
1.58296419099392e-05	-4.81911738804762	0	0.18	0.53089453037554	MRM2	c21
0.000277446911785547	-4.81865944888098	0	0.134	1	MAGT1	c21
0.000127057133557322	-4.81395647823275	0	0.147	1	RMDN3	c21
0.000238308110156635	-4.81393184777654	0	0.137	1	B3GALT4	c21
8.97104714911787e-05	-4.81369628179865	0	0.153	1	CDCA2	c21
0.000103302863464013	-4.81334314996108	0	0.151	1	INTS13	c21
0.000397575539855034	-4.81136955493892	0	0.128	1	ASAH1	c21
7.84497138438208e-05	-4.81065546442213	0	0.155	1	ALDH16A1	c21
0.000855654233062277	-4.81039157014885	0	0.115	1	DCAF5	c21
0.000236585271929781	-4.81018781153643	0	0.137	1	RAD50	c21
0.00306503437582635	-4.80979238372063	0	0.093	1	CLSTN3	c21
1.18553921018948e-05	-4.80925233832745	0	0.185	0.397606140313347	TST	c21
2.46063828435674e-05	-4.8091393968761	0	0.173	0.825248867807564	GON7	c21
8.93530572112441e-33	-4.80908059423073	0.023	0.765	2.99672283275071e-28	SRP14	c21
0.000924413575964806	-4.80899018906994	0	0.114	1	PRKAA1	c21
0.000482188301785592	-4.80888921198671	0	0.125	1	FOXN2	c21
1.9072410505216e-05	-4.80787040925301	0	0.177	0.639650503523935	CDIP1	c21
0.0196135617707233	-4.80785509619721	0	0.06	1	ID3	c21
4.67079443069078e-05	-4.80775801812273	0	0.163	1	GPR137	c21
1.82057705368748e-05	-4.80614221554241	0	0.178	0.610585132265707	ADPRHL2	c21
0.00609271299107038	-4.80580041840974	0	0.081	1	CD84	c21
0.182124547919712	-4.80501288153683	0	0.02	1	TRBV30	c21
7.78662396325153e-05	-4.80497794501304	0	0.155	1	PIGH	c21
0.000191581299239683	-4.80402717543987	0	0.14	1	CCDC130	c21
3.92320725795303e-05	-4.80397144439061	0	0.166	1	SMIM19	c21
0.000101030643634071	-4.80105504290128	0	0.151	1	STX5	c21
0.000170445438183951	-4.80098825172658	0	0.142	1	ABCB8	c21
0.000118018925540062	-4.80079744926366	0	0.148	1	CAMTA2	c21
2.57682709175863e-05	-4.7977047099569	0	0.173	0.864216270034009	TOLLIP	c21
0.000258085264556471	-4.79720695850488	0	0.135	1	ATP6V1A	c21
0.000104071274789852	-4.79676282375714	0	0.15	1	INPP1	c21
5.39146682073822e-05	-4.7965514443412	0	0.161	1	HSDL2	c21
0.0950948806290817	-4.79645708074134	0	0.031	1	TRAV17	c21
0.0017073517810673	-4.79590833419573	0	0.103	1	TMEM87B	c21
0.00782184993031959	-4.79543138319083	0	0.076	1	TMEM131L	c21
0.000108800035567958	-4.79395606412681	0	0.15	1	WDR76	c21
0.00185516650039279	-4.7931809619522	0	0.102	1	CD226	c21
0.00022161628219467	-4.79106325271758	0	0.138	1	UHRF1BP1L	c21
0.000406209426796261	-4.79068405545136	0	0.128	1	RSBN1	c21
6.17346224075846e-05	-4.78948468350181	0	0.159	1	TMEM39B	c21
6.65454091309468e-05	-4.78898654354174	0	0.158	1	SGO2	c21
0.000430137095733913	-4.78751644037093	0	0.127	1	IFNAR1	c21
6.75504620967106e-05	-4.78729938103722	0	0.157	1	USP5	c21
0.000265666456327828	-4.78727213429412	0	0.135	1	RAB5B	c21
8.08264920178716e-05	-4.78720045020845	0	0.154	1	GMEB1	c21
2.33152447475344e-05	-4.7864373172079	0	0.174	0.781946678342807	SLC35A4	c21
0.000309170893528935	-4.78580267524998	0	0.132	1	SMG7	c21
3.00401641241051e-05	-4.78537632477319	0	0.17	1	GNG10	c21
0.00168386336577343	-4.78531565707621	0	0.103	1	RBM5	c21
9.24188418535853e-05	-4.78492684746321	0	0.152	1	MED19	c21
8.70794737286656e-05	-4.78489365453977	0	0.153	1	SIRT6	c21
0.092508474960618	-4.78355198074692	0	0.032	1	TRAV14DV4	c21
0.000166743758246779	-4.78305209051385	0	0.143	1	RIOK1	c21
0.0703505663561771	-4.77972522858034	0	0.037	1	TRAV3	c21
0.00048218830139055	-4.77965293387573	0	0.125	1	NUP160	c21
0.000427072582914453	-4.77914823650989	0	0.127	1	KRIT1	c21
0.000645237463969926	-4.77896562224473	0	0.12	1	PPWD1	c21
6.12726070861167e-05	-4.77892012629352	0	0.159	1	COX11	c21
0.00428183848787328	-4.77821769270059	0	0.087	1	IL6R	c21
0.000145054666699423	-4.77725475462247	0	0.145	1	ALG8	c21
0.000110422313658742	-4.7767838024497	0	0.149	1	GINM1	c21
0.00164922255182402	-4.77641324289005	0	0.104	1	LIF	c21
0.000136768403615401	-4.77552099130174	0	0.146	1	KCNN4	c21
7.01282154518538e-05	-4.77524414433716	0	0.157	1	AGK	c21
4.63558419376546e-05	-4.77511613344406	0	0.163	1	SETD3	c21
0.000218417428670169	-4.77484029731942	0	0.138	1	IER3	c21
8.57923143405051e-05	-4.77317313578072	0	0.154	1	FBXO22	c21
0.000712385054295369	-4.77200612371798	0	0.118	1	TBC1D5	c21
6.31411194398446e-05	-4.77068568049257	0	0.158	1	CIP2A	c21
0.000164319618970671	-4.77013367103683	0	0.143	1	NCLN	c21
6.7550462242573e-05	-4.76999952374385	0	0.157	1	DSN1	c21
0.000917946037686613	-4.76844676577397	0	0.114	1	TM9SF4	c21
0.000170445438542779	-4.7683267276421	0	0.142	1	GM2A	c21
0.000238308110305795	-4.76754892049171	0	0.137	1	RBM28	c21
9.17343750848565e-05	-4.76614339010788	0	0.152	1	TMEM120A	c21
5.07571241974382e-05	-4.76567073332024	0	0.162	1	NQO2	c21
4.56593748996788e-05	-4.76330637217707	0	0.164	1	WDR83	c21
0.000106410068482137	-4.76308811582044	0	0.15	1	KIF23	c21
0.000157251443262972	-4.76298985448041	0	0.144	1	MRPS31	c21
0.000389120747651396	-4.76258478782719	0	0.129	1	NEPRO	c21
1.65860082792909e-05	-4.76191110842145	0	0.18	0.55626154567086	GALE	c21
0.000277446912362066	-4.75999777544813	0	0.134	1	ANLN	c21
0.000354465790691049	-4.75948452786326	0	0.13	1	B3GNT2	c21
0.000238308110305795	-4.75853920707983	0	0.137	1	CCDC18	c21
3.6082000763627e-05	-4.757329668861	0	0.167	1	COA5	c21
0.000917946038426628	-4.75686741569348	0	0.114	1	ARID2	c21
0.000182037476645432	-4.75648410417169	0	0.141	1	LMNB2	c21
0.000367422844691714	-4.75622484614741	0	0.129	1	CPNE1	c21
0.000179396864807914	-4.75561254669809	0	0.141	1	UBLCP1	c21
0.000112900003174707	-4.75558483579647	0	0.149	1	ADAM15	c21
8.77300883536339e-05	-4.75519481609538	0	0.153	1	RNF138	c21
4.56859466334134e-36	-4.75384845161921	0.047	0.814	1.53221527819142e-31	RPS21	c21
4.42968786009089e-05	-4.75382540502048	0	0.164	1	PRKAR1B	c21
2.78244957524889e-05	-4.7524928617697	0	0.172	0.933177938546972	RPP30	c21
0.000924413575592255	-4.75211263482956	0	0.114	1	RIC1	c21
0.000105624837963162	-4.75043240271197	0	0.15	1	GNL3	c21
0.000559914226853143	-4.74704649152835	0	0.122	1	AIM2	c21
6.90858177575464e-05	-4.7469846860195	0	0.157	1	APBA3	c21
0.000170445438219833	-4.74520202319964	0	0.142	1	CTDSP2	c21
8.20410385059081e-05	-4.74431195950885	0	0.154	1	CSE1L	c21
3.9531373910498e-05	-4.74210165024463	0	0.166	1	AC084033.3	c21
0.00113260827302914	-4.74128607662184	0	0.11	1	CLASP1	c21
6.7550462184228e-05	-4.74084064206704	0	0.157	1	MRPS22	c21
0.000346906617181507	-4.73984153603864	0	0.13	1	ACP2	c21
5.85704165406944e-05	-4.73960407891912	0	0.16	1	DESI2	c21
0.00215938615474787	-4.73954385179954	0	0.099	1	PIKFYVE	c21
6.85702940719423e-05	-4.738550947524	0	0.157	1	HMG20B	c21
2.36772522421226e-05	-4.73826985151572	0	0.174	0.794087685696308	MRPL2	c21
0.000957424960031679	-4.73807307607254	0	0.113	1	MFSD14A	c21
0.000528960778118869	-4.73784069935371	0	0.123	1	PRKACB	c21
0.00015957393330061	-4.73463492408239	0	0.143	1	TM7SF3	c21
6.65454090878212e-05	-4.73424579539065	0	0.158	1	GTF2F2	c21
4.51066754187195e-29	-4.73417113530867	0.023	0.719	1.51278768019301e-24	GMFG	c21
0.000148286464496647	-4.73411212291639	0	0.145	1	DNM1L	c21
9.17343750259318e-05	-4.73365742623365	0	0.152	1	XPNPEP1	c21
6.36168500849569e-05	-4.73297611453756	0	0.158	1	ASL	c21
2.1584535698258e-05	-4.73254307101389	0	0.176	0.723902158248177	TARBP2	c21
0.00210065760019189	-4.73199365914771	0	0.1	1	ZNF721	c21
4.53149733247238e-05	-4.72799012515295	0	0.164	1	GOT1	c21
0.000346906618471424	-4.72791536423963	0	0.13	1	AFTPH	c21
1.62035281944821e-05	-4.72714357718097	0	0.18	0.543433928586539	NUDT2	c21
0.000668477191927681	-4.72635554178816	0	0.119	1	GFM1	c21
0.000120662485926211	-4.72566914416286	0	0.148	1	RCE1	c21
7.72869932343395e-05	-4.72542466340205	0	0.155	1	RP9	c21
0.000213703371889904	-4.72364179493327	0	0.139	1	GNA13	c21
0.00118108239985958	-4.7232618478315	0	0.11	1	ATP2C1	c21
0.000172957586115247	-4.72317928924356	0	0.142	1	EDEM2	c21
0.000984660829881214	-4.72316685484409	0	0.113	1	ITCH	c21
0.000540367472958042	-4.72222425102279	0	0.123	1	SLA2	c21
0.000281485746903919	-4.72125224150251	0	0.134	1	SCO1	c21
8.6433560364704e-05	-4.71931445242401	0	0.153	1	KATNA1	c21
0.00118935621123999	-4.71844263941774	0	0.109	1	NUFIP2	c21
0.0100336688199816	-4.71686560138745	0	0.072	1	TSC22D3	c21
0.00031592727939278	-4.71646208042928	0	0.132	1	IFI44	c21
0.000103302863882896	-4.71429520585812	0	0.151	1	YAF2	c21
0.0003251601530283	-4.71383042393321	0	0.132	1	MBD1	c21
0.000285581882909038	-4.71347276457029	0	0.134	1	CERS5	c21
0.000737982208687355	-4.71233871180134	0	0.118	1	LINC01871	c21
0.0906172967211912	-4.71222121296019	0	0.032	1	FCRLA	c21
0.000110422313941016	-4.71157321540326	0	0.149	1	FBXL5	c21
0.000315927280112434	-4.71122957190605	0	0.132	1	SLC30A5	c21
3.80567812698374e-05	-4.70841296677895	0	0.167	1	LAPTM4B	c21
0.000930925625062428	-4.70838019769928	0	0.114	1	HERC4	c21
0.000241790555512379	-4.70705544636442	0	0.136	1	TFB1M	c21
0.000692533408443993	-4.70699662195825	0	0.119	1	AGAP2	c21
6.65454089728197e-05	-4.70678974068216	0	0.158	1	RFK	c21
0.000110422313705787	-4.70655372733157	0	0.149	1	OSER1	c21
3.89349784106665e-05	-4.70541310570831	0	0.166	1	SMCO4	c21
0.000780816909301597	-4.70536615287431	0	0.117	1	DICER1	c21
0.000265666456217294	-4.70464244505766	0	0.135	1	PIP4P1	c21
0.000228151569912141	-4.70429231909384	0	0.137	1	CRKL	c21
0.000344422007400335	-4.7042727291239	0	0.131	1	NSMAF	c21
3.58081639481567e-05	-4.70403489317483	0	0.168	1	DPM1	c21
6.70461011991058e-05	-4.70304461644292	0	0.158	1	RNF11	c21
0.0003947375572193	-4.70281918063845	0	0.128	1	AL606807.1	c21
0.00137679738098278	-4.70211014007686	0	0.107	1	NPAT	c21
0.000528960778226952	-4.70167947065409	0	0.123	1	SLC1A4	c21
0.000567924669181024	-4.701670317015	0	0.122	1	C1orf112	c21
0.000313659308224674	-4.70126800405098	0	0.132	1	NAA15	c21
0.00102693959372976	-4.70047493669588	0	0.112	1	TMEM245	c21
0.002427445205936	-4.70038320662839	0	0.097	1	UGCG	c21
0.000116287990816179	-4.69956374451641	0	0.149	1	SUPT7L	c21
0.0380589933854741	-4.69770957559372	0	0.048	1	TRAV6	c21
0.000548104924687313	-4.69659565157228	0	0.123	1	CD81	c21
7.28008070407272e-27	-4.6954683033735	0.012	0.678	2.44159346653191e-22	ATP6V0E1	c21
0.00185516649414011	-4.69477047702182	0	0.102	1	MLLT3	c21
0.000179396864430763	-4.6945353167898	0	0.141	1	PREP	c21
0.00043013709723602	-4.69382516017357	0	0.127	1	CLASRP	c21
0.000492609937170787	-4.69363437609392	0	0.125	1	DNAJB9	c21
0.000203086260022981	-4.69354006162828	0	0.139	1	MCCC2	c21
0.000517789178258052	-4.69262505802762	0	0.124	1	TBXAS1	c21
0.00408264187667141	-4.69229372197779	0	0.088	1	BTN3A1	c21
0.000304745128349838	-4.69185006328582	0	0.133	1	SP3	c21
0.00020161213151822	-4.69056129414076	0	0.14	1	ZNF326	c21
0.00025808526514752	-4.69006039747901	0	0.135	1	CIR1	c21
0.000143992731380503	-4.68864771942955	0	0.145	1	PGM1	c21
0.000605377517307431	-4.68704758079066	0	0.121	1	ATP6V1H	c21
9.31082818514212e-05	-4.68659812096914	0	0.152	1	RABGGTA	c21
0.000167968861431471	-4.68644431798724	0	0.143	1	DDX50	c21
0.0026908607732041	-4.68620520314622	0	0.095	1	MDN1	c21
0.000172957587170768	-4.68497682913744	0	0.142	1	FHL1	c21
0.000212154171072437	-4.68480197809959	0	0.139	1	UTP6	c21
6.45788072875519e-05	-4.68449949060441	0	0.158	1	UCKL1	c21
0.00116470322718166	-4.68279975038727	0	0.11	1	ZNF451	c21
0.000130858219146506	-4.68274585700913	0	0.147	1	BPGM	c21
0.000567924668717681	-4.68167087922965	0	0.122	1	GNPDA1	c21
0.000145054666454053	-4.68154552378961	0	0.145	1	MCRIP1	c21
0.00049967945565099	-4.68028267467066	0	0.124	1	ARHGAP17	c21
0.00400008587883982	-4.67970033678967	0	0.088	1	HLA-DQA2	c21
6.75504619946065e-05	-4.67938597038503	0	0.157	1	NRAS	c21
9.38027311233731e-05	-4.6793715836834	0	0.152	1	CEBPB	c21
7.44531404517526e-05	-4.67919254684799	0	0.156	1	MID1IP1	c21
7.22591684750676e-05	-4.67728021378987	0	0.156	1	GPN1	c21
0.000383581921014789	-4.67634851159441	0	0.129	1	PDK3	c21
0.351255087587502	4.67610163182654	0.012	0.005	1	MTUS1	c21
8.02258043062876e-05	-4.6753718636185	0	0.155	1	CCNC	c21
8.2654959971574e-05	-4.67444772814025	0	0.154	1	DDX49	c21
0.00032051129866444	-4.67414571953396	0	0.132	1	CDK19	c21
0.000496132410171924	-4.67294573484197	0	0.124	1	MPHOSPH9	c21
0.00152807121482493	-4.672396025493	0	0.105	1	SLC30A7	c21
0.000124277131878673	-4.67217762968175	0	0.147	1	ARFIP2	c21
0.00157108338037984	-4.67164828119541	0	0.105	1	TRAF5	c21
0.0184672103225149	-4.67102432008209	0	0.061	1	PLAC8	c21
0.0010487390997853	-4.67058504662692	0	0.112	1	KLF13	c21
0.000231489282728945	-4.67009099201764	0	0.137	1	CYSTM1	c21
0.00151749948981407	-4.66999884853724	0	0.105	1	PPP3CA	c21
0.0030233608345085	-4.66991401796778	0	0.093	1	ZMYM2	c21
3.69158037053306e-05	-4.66971170019186	0	0.167	1	SVBP	c21
0.000370069132638817	-4.66959258262118	0	0.129	1	AP3M1	c21
0.000233175940951565	-4.66850618086407	0	0.137	1	NIF3L1	c21
4.77799504635707e-05	-4.6678468167627	0	0.163	1	TIMM9	c21
5.76957523356243e-05	-4.66625026751563	0	0.16	1	THAP1	c21
0.000315927279850741	-4.66461386716088	0	0.132	1	IFT57	c21
0.00146570484087562	-4.66277411857265	0	0.106	1	ZNF770	c21
0.00145555542353181	-4.66262849258278	0	0.106	1	ATP11B	c21
0.000300381163687119	-4.66221131572714	0	0.133	1	CFAP97	c21
0.000109608250403029	-4.66169499144976	0	0.15	1	DHRSX	c21
0.000905143309280263	-4.66154910602547	0	0.114	1	SYTL3	c21
0.000113737872295463	-4.66090115005351	0	0.149	1	CDK5RAP1	c21
0.000134770013256943	-4.65994308837223	0	0.146	1	TTF1	c21
0.000131825667408707	-4.65950296790239	0	0.147	1	PDCL	c21
0.000207571958029631	-4.65904439299051	0	0.139	1	DNAAF2	c21
0.0039191704644871	-4.65831064149841	0	0.089	1	RALGAPA1	c21
8.57923145981509e-05	-4.65739325907813	0	0.154	1	KPNA3	c21
6.86306163683368e-25	-4.65703537605723	0.012	0.648	2.30173361176128e-20	LCK	c21
7.7286993300846e-05	-4.6559053564683	0	0.155	1	CDK2	c21
0.000179396864694769	-4.65541547682743	0	0.141	1	NAA60	c21
0.000140852174794585	-4.65538933099316	0	0.145	1	PHF23	c21
0.000843701007692749	-4.65493050274089	0	0.115	1	COP1	c21
0.000245322591801909	-4.65296081616431	0	0.136	1	CYB5R4	c21
0.000727637351481052	-4.65242129150506	0	0.118	1	FNDC3B	c21
0.000492609937069947	-4.65111346424106	0	0.125	1	RINL	c21
0.000228151570007454	-4.65004485785717	0	0.137	1	CHURC1	c21
0.00133899699152729	-4.65003680718584	0	0.107	1	UFL1	c21
6.03586572527813e-05	-4.64867838324672	0	0.159	1	HAUS8	c21
0.00247802170135566	-4.64815803074716	0	0.097	1	TNFRSF10A	c21
0.000231489283792305	-4.64808378729959	0	0.137	1	EIF4A1	c21
0.00119768667494214	-4.64654703130396	0	0.109	1	CCNT1	c21
8.6433560383241e-05	-4.64606360986044	0	0.153	1	DIMT1	c21
0.000383581921568002	-4.64592369553564	0	0.129	1	GATAD2A	c21
0.00120607417634514	-4.64559148116759	0	0.109	1	MMP25-AS1	c21
0.000109608250916822	-4.64460759695723	0	0.15	1	CCDC86	c21
0.000567924667675161	-4.64398934011971	0	0.122	1	HMGXB3	c21
2.88885091554953e-35	-4.64372598481874	0.035	0.805	9.68862820057001e-31	RPL24	c21
0.0522147799441507	-4.64361029816185	0	0.042	1	TRAV13-2	c21
2.84719247513883e-05	-4.64299568990374	0	0.171	0.95489141231206	HMBS	c21
0.000351928389291341	-4.64276952638902	0	0.13	1	MPHOSPH10	c21
0.000241790555764514	-4.64249529825653	0	0.136	1	SPTY2D1	c21
0.00041206667449297	-4.64203617445475	0	0.128	1	TAF8	c21
0.000386341652131994	-4.6417555998461	0	0.129	1	ZBTB7B	c21
5.11417411658216e-05	-4.63967529014628	0	0.162	1	BCAT2	c21
0.000461986392840517	-4.6394286456878	0	0.126	1	C2orf68	c21
0.0727877420485483	-4.63907707192477	0	0.036	1	TRAV19	c21
0.000123363702676987	-4.63798243009752	0	0.148	1	MRPS9	c21
0.00181707919111134	-4.6373805583469	0	0.102	1	CEBPD	c21
0.000843701008203921	-4.63729161892268	0	0.115	1	SEC16A	c21
7.33481648266177e-05	-4.63728459988749	0	0.156	1	STYXL1	c21
0.00110137835924639	-4.63604536649444	0	0.111	1	MAP4K4	c21
0.000439459914413605	-4.63584781921059	0	0.126	1	LRRC58	c21
0.000567924668833517	-4.63529855969855	0	0.122	1	ATF2	c21
8.8452147345413e-26	-4.63500522018176	0.012	0.662	2.96650811767046e-21	PSMB1	c21
0.00122302180911888	-4.63425085127655	0	0.109	1	DIS3	c21
0.000131825667576388	-4.63408726749705	0	0.147	1	DHRS4	c21
0.000145054666576738	-4.63191805991698	0	0.145	1	MLH1	c21
0.000678000151462711	-4.63178683548885	0	0.119	1	UBASH3A	c21
0.000521487218565195	-4.63173402771188	0	0.124	1	XPOT	c21
0.000273464598930067	-4.63039440465581	0	0.134	1	PITRM1	c21
0.000135765625927805	-4.62895979168158	0	0.146	1	TMEM222	c21
0.000120662485285161	-4.62894837946637	0	0.148	1	STX11	c21
0.00017422715524172	-4.62727789536628	0	0.142	1	PRPS2	c21
7.38986410792331e-05	-4.62654649474144	0	0.156	1	FOPNL	c21
0.000631674225056136	-4.62612627318733	0	0.12	1	MAP3K11	c21
0.000298222091033036	-4.62610959140783	0	0.133	1	BLOC1S6	c21
5.59844220928716e-05	-4.62537340609451	0	0.16	1	RCC1	c21
8.90455532049192e-05	-4.62472779751697	0	0.153	1	APTX	c21
0.000201612131813987	-4.62471233577463	0	0.14	1	C5orf24	c21
0.000320511298996176	-4.62409730970231	0	0.132	1	FASN	c21
0.00061838943969041	-4.6230613122889	0	0.121	1	TSPOAP1-AS1	c21
6.96051162061198e-05	-4.62204174347412	0	0.157	1	CHMP6	c21
0.000238308110405234	-4.62190958591683	0	0.137	1	SMARCD1	c21
8.26549595988557e-05	-4.62161333281767	0	0.154	1	EIF4EBP2	c21
0.00124020220203435	-4.6215122955351	0	0.109	1	HIPK2	c21
0.000238308110653833	-4.62133635180564	0	0.137	1	TRAF3	c21
0.00147592347201554	-4.62091692577121	0	0.106	1	HEATR1	c21
0.000188805827506218	-4.62076016715432	0	0.141	1	YIPF6	c21
7.84497138269512e-05	-4.62043561247344	0	0.155	1	SARS2	c21
0.000944084458862353	-4.62041909812425	0	0.113	1	TTC7A	c21
0.000344422007969632	-4.61956519234006	0	0.131	1	RRS1	c21
0.057784342807496	-4.61909260396853	0	0.04	1	TRAV2	c21
4.2649348838898e-05	-4.61857429961037	0	0.165	1	MAGOHB	c21
0.000154961904243514	-4.61677386073568	0	0.144	1	FBXL15	c21
0.000136768404049884	-4.6167088258871	0	0.146	1	TRMT2A	c21
0.000386341652529916	-4.61561556541878	0	0.129	1	C6orf47	c21
0.00182968911639282	-4.61442956931193	0	0.102	1	MXD1	c21
0.000424029372231422	-4.61405839423918	0	0.127	1	NEIL3	c21
0.0010785098315235	-4.61272850060737	0	0.111	1	NCSTN	c21
0.000341954754508441	-4.61242224130197	0	0.131	1	TRMU	c21
9.89750761568932e-25	-4.61201718268817	0.012	0.645	3.31942610414988e-20	BRK1	c21
0.00130221214522094	-4.61140175826999	0	0.108	1	KAT7	c21
9.17343752812725e-05	-4.61019769665114	0	0.152	1	COPS4	c21
0.000122456815659086	-4.60985486351346	0	0.148	1	C15orf61	c21
6.55868189859233e-36	-4.60897923167553	0.035	0.814	2.1996507351499e-31	RPL39	c21
0.000503251241436742	-4.60812263016593	0	0.124	1	GTF2H1	c21
7.64910056183746e-30	-4.6077397538535	0.023	0.733	2.56535534642905e-25	PGK1	c21
0.000157251442499891	-4.60630996036308	0	0.144	1	PDLIM7	c21
0.118759421369114	-4.60591720498167	0	0.028	1	IGHA1	c21
0.000107200984632673	-4.60510416495296	0	0.15	1	PRKRA	c21
0.000236585271534822	-4.6031270489794	0	0.137	1	RRP1	c21
0.000499679455957739	-4.60207657023275	0	0.124	1	CCNF	c21
0.000855654231507566	-4.60170734107944	0	0.115	1	NOL9	c21
0.000645237463969926	-4.60151369316059	0	0.12	1	ZMYM5	c21
8.90455533384903e-05	-4.60136909950149	0	0.153	1	MOCS2	c21
3.39752829369003e-26	-4.60118833290642	0.012	0.669	1.13946303913776e-21	SEC61B	c21
0.000814526993380368	-4.60101762793557	0	0.116	1	NUP205	c21
0.000140852174764779	-4.60088954706595	0	0.145	1	CCDC28B	c21
3.923207257093e-05	-4.59900956624687	0	0.166	1	BOLA2-SMG1P6	c21
0.0020294432244328	-4.59817236225994	0	0.1	1	ZNF430	c21
0.00290164692903332	-4.59808965393154	0	0.094	1	NBAS	c21
0.000212154170850432	-4.5970091059865	0	0.139	1	DTL	c21
0.00053273665039044	-4.59610357649133	0	0.123	1	LINC00667	c21
0.00241081225556096	-4.59289697146875	0	0.097	1	NBPF15	c21
0.00254706651279677	-4.59261725894759	0	0.096	1	SERPINB9	c21
0.000135765625582699	-4.59257304226687	0	0.146	1	CASP7	c21
0.000169202734090994	-4.59247286071942	0	0.142	1	TMEM134	c21
0.00171921593769731	-4.59212387781695	0	0.103	1	SNRK	c21
0.00638803000840878	-4.59200042669034	0	0.08	1	SLC16A7	c21
0.00011543182321545	-4.59159452768855	0	0.149	1	PPCDC	c21
0.00175529460902488	-4.58940166869004	0	0.103	1	LTN1	c21
0.000964164105018933	-4.58913062598894	0	0.113	1	MTOR	c21
0.000188805827862965	-4.58854267210714	0	0.141	1	AC090152.1	c21
0.0007863390584229	-4.58822761005291	0	0.117	1	LPCAT1	c21
0.00140583062749635	-4.58785917828232	0	0.107	1	SPIDR	c21
0.000412066674069264	-4.58773384509069	0	0.128	1	CASC3	c21
0.000192983906303445	-4.58665106461754	0	0.14	1	NR2C2AP	c21
0.00207188289008165	-4.58597514795635	0	0.1	1	HTT	c21
0.000135765625755252	-4.58552845687104	0	0.146	1	EI24	c21
5.3914668219097e-05	-4.58544955791444	0	0.161	1	POC1A	c21
0.333810547719748	-4.58444618538237	0	0.011	1	TRBV5-6	c21
0.000147201479839124	-4.58399807549503	0	0.145	1	RPUSD1	c21
0.00164922255116835	-4.58246372626073	0	0.104	1	TAOK1	c21
0.000254374179374395	-4.58219773522768	0	0.136	1	GUCD1	c21
0.00134835082016637	-4.58213283780407	0	0.107	1	JARID2	c21
0.000179396864770199	-4.58194106193452	0	0.141	1	C7orf50	c21
0.277609189654283	-4.58122840847009	0	0.014	1	TRAV38-2DV8	c21
0.00497214731835332	-4.58072915871198	0	0.084	1	RNF111	c21
5.41921432468209e-21	-4.5803635913869	0.012	0.583	1.81749610021188e-16	PRDX3	c21
7.38986409996463e-05	-4.57972163431962	0	0.156	1	COQ9	c21
0.000135765625956565	-4.57918222836918	0	0.146	1	ARMC6	c21
0.000769885993690478	-4.57774623045752	0	0.117	1	DPP8	c21
0.000880059015236535	-4.57545865529542	0	0.115	1	CWC22	c21
8.51557035021813e-05	-4.57540266293599	0	0.154	1	INIP	c21
0.000663764809672943	-4.57532577867451	0	0.119	1	SCD	c21
0.00012989768941806	-4.57382926513628	0	0.147	1	SPOUT1	c21
7.1720591776069e-05	-4.57313597171026	0	0.156	1	LZIC	c21
0.00480623573629264	-4.57213150259824	0	0.085	1	ZNF224	c21
1.36662344848932e-36	-4.57156659043649	0.047	0.825	4.58338172154347e-32	RPL37	c21
0.00013879565599597	-4.57135771958511	0	0.146	1	GMPPA	c21
0.000702390757950038	-4.5708761381605	0	0.118	1	KIF3A	c21
0.00913219367825419	-4.5708688058442	0	0.073	1	KLRD1	c21
0.000678000152288735	-4.57060451266878	0	0.119	1	STX4	c21
0.000137778397020509	-4.56912961367788	0	0.146	1	LRRC41	c21
7.08563294000343e-22	-4.56891347959835	0.012	0.598	2.37637957541835e-17	CDK2AP2	c21
0.000510469711205259	-4.56791720525506	0	0.124	1	ETV7	c21
0.000984660828890651	-4.56674167225599	0	0.113	1	DENND3	c21
9.94137567079655e-41	-4.56652304493363	0.07	0.868	3.33413857247175e-36	RPL29	c21
0.000213703372515935	-4.56367678984553	0	0.139	1	TCEAL8	c21
0.000275448739371656	-4.56355513621452	0	0.134	1	COIL	c21
0.000100284113392178	-4.56105039075102	0	0.151	1	SCOC	c21
8.32733549638207e-05	-4.56011351221587	0	0.154	1	COQ5	c21
6.55549258916246e-05	-4.56003461160759	0	0.158	1	RUSC1	c21
0.00089251507724619	-4.5599436850404	0	0.114	1	DTNBP1	c21
0.00263602874826222	-4.55938701988882	0	0.096	1	PYHIN1	c21
0.00134835082420543	-4.5562894401653	0	0.107	1	STAT5B	c21
0.000380841421530008	-4.55505976367559	0	0.129	1	CEP63	c21
0.00189403502275717	-4.55446034598738	0	0.101	1	ITPR1	c21
0.000471981900798404	-4.55366916166961	0	0.125	1	ATG13	c21
0.000588443288258469	-4.55365571615234	0	0.122	1	KPNA1	c21
0.00269086077267485	-4.55217785589395	0	0.095	1	SGMS1	c21
1.46319701023814e-15	-4.55184982473669	0.012	0.476	4.90727013293669e-11	TMEM106C	c21
0.0283393734920795	-4.55071732038075	0	0.053	1	S100B	c21
0.00103415643064825	-4.55066333567362	0	0.112	1	GADD45G	c21
9.03802248457314e-05	-4.55022609260295	0	0.153	1	FLYWCH2	c21
0.000506847937315603	-4.54992460638346	0	0.124	1	SLAIN2	c21
1.58665679443052e-36	-4.54951165823053	0.023	0.817	5.32132955716109e-32	COX4I1	c21
0.000156102583544483	-4.54923255172956	0	0.144	1	MRRF	c21
0.00078633905778657	-4.54865050083095	0	0.117	1	PRCP	c21
0.000528960778118869	-4.54804008991411	0	0.123	1	AGPAT3	c21
0.00261799600023842	-4.54640750228832	0	0.096	1	DNAJC10	c21
0.000712385054150896	-4.54573732017297	0	0.118	1	RNFT1	c21
0.000492609937271627	-4.5454907515932	0	0.125	1	ZBTB7A	c21
0.000198695095459009	-4.54421379389873	0	0.14	1	LENG1	c21
0.000112068148387864	-4.54336476508613	0	0.149	1	DERA	c21
0.00110910600015839	-4.54304389956963	0	0.111	1	BANP	c21
0.00181707918786756	-4.54286385542973	0	0.102	1	EAF1	c21
0.000659084861918464	-4.54200825924958	0	0.12	1	DCAF6	c21
0.000192983906343937	-4.53977095691025	0	0.14	1	BRCC3	c21
7.01282152552005e-05	-4.53858367811556	0	0.157	1	HRAS	c21
0.308285291648794	4.53790749024007	0.012	0.004	1	ASMTL-AS1	c21
0.00182968911857001	-4.53725140498362	0	0.102	1	ATP6V0A2	c21
0.000489111872343002	-4.53571679869916	0	0.125	1	MAPKAP1	c21
0.000397575539118498	-4.53469547690765	0	0.128	1	CSTF2T	c21
0.000930925626375318	-4.53426576327498	0	0.114	1	ANAPC1	c21
0.000105624837963162	-4.53366319819388	0	0.15	1	C6orf136	c21
0.000263751051549666	-4.53355175751387	0	0.135	1	SVIP	c21
0.000179396865034205	-4.5331213321583	0	0.141	1	BUD13	c21
0.000712385054728793	-4.53138555120925	0	0.118	1	UTP23	c21
0.000212154171383245	-4.53132072771832	0	0.139	1	RPP25L	c21
0.000170445438327482	-4.530932722063	0	0.142	1	PLSCR3	c21
0.077928695583656	-4.53000491492673	0	0.035	1	BANK1	c21
0.00037006913187564	-4.52937623456169	0	0.129	1	IL15RA	c21
5.94579896441198e-05	-4.52916437569084	0	0.159	1	CENPH	c21
0.000182037476951473	-4.52846906260098	0	0.141	1	DDX1	c21
0.00158202016872227	-4.52833454853162	0	0.104	1	CUL2	c21
0.000188805827704411	-4.52740081923393	0	0.141	1	ASMTL	c21
0.00190716750684277	-4.52675115382657	0	0.101	1	ICAM1	c21
0.00228170862482338	-4.52445022203285	0	0.098	1	GGA2	c21
0.00116470322694826	-4.5240946860671	0	0.11	1	NUMB	c21
0.000329874739109128	-4.52297809786298	0	0.131	1	FOXRED1	c21
0.00265418325590366	-4.52272654801252	0	0.095	1	MINK1	c21
0.000234874576457654	-4.52207727587002	0	0.137	1	OGG1	c21
0.000209088538839972	-4.52161412343924	0	0.139	1	TRAF2	c21
0.000327509173510448	-4.52148649979012	0	0.131	1	BLM	c21
0.000291835268097613	-4.52111176766832	0	0.133	1	CD59	c21
0.000563905565635061	-4.52075991940754	0	0.122	1	PRIM2	c21
0.000221616281824054	-4.52044859577889	0	0.138	1	STK25	c21
0.00290164693530143	-4.51972689288101	0	0.094	1	SUCO	c21
0.00162651713241529	-4.51934087607296	0	0.104	1	ICE1	c21
0.00865351895198988	-4.5186028968042	0	0.074	1	BTN3A3	c21
0.138692476563565	4.5182109809617	0.012	0.003	1	AC004520.1	c21
0.0050059993704972	-4.51774893791512	0	0.084	1	DMTF1	c21
0.00179211403159431	-4.5169828220884	0	0.102	1	MADD	c21
0.00332717282599811	-4.5166581512966	0	0.091	1	AGO3	c21
0.00514368973157181	-4.51590803106519	0	0.084	1	NAA16	c21
0.000663764807785016	-4.51568919067414	0	0.119	1	JUND	c21
0.00913219367649506	-4.51535743973623	0	0.073	1	ATP8A1	c21
0.000190188629214567	-4.51473211888653	0	0.14	1	C2orf74	c21
0.000256223172746815	-4.51442720167259	0	0.136	1	PGM2	c21
0.00308608194179666	-4.51373432180808	0	0.093	1	CLASP2	c21
0.00012612380100869	-4.51333416663771	0	0.147	1	CEP55	c21
0.00163783133895728	-4.51272574383489	0	0.104	1	SEC24D	c21
0.00221972208443743	-4.5126327248251	0	0.099	1	YTHDC2	c21
0.000188805827664773	-4.51249783285508	0	0.141	1	DEDD2	c21
0.000775332641430511	-4.51227155112954	0	0.117	1	CHERP	c21
0.000101782586576916	-4.51200984295468	0	0.151	1	SPC25	c21
0.00015047986133203	-4.51024887696598	0	0.144	1	C11orf24	c21
0.000702390757522547	-4.51005947832465	0	0.118	1	ACTA2	c21
0.00298224327341621	-4.50987381275943	0	0.093	1	MTR	c21
0.00389255766657257	-4.50981789283153	0	0.089	1	SLC16A1-AS1	c21
8.3190594429548e-27	-4.5079423620981	0.023	0.687	2.79004615597818e-22	PRELID1	c21
0.00581085433086255	-4.5074119332375	0	0.082	1	TMIGD2	c21
0.0378284959537051	4.50716184466526	0.012	0.002	1	MYH3	c21
0.000259960548526997	-4.50684616623651	0	0.135	1	SGCB	c21
0.00033465596155913	-4.5058887260793	0	0.131	1	NMT1	c21
6.92287024063206e-17	-4.50490182142895	0.012	0.504	2.32179222130318e-12	HLA-DRB1	c21
0.00226605483591544	-4.50463698303573	0	0.098	1	XPO4	c21
0.000567924668254338	-4.50405383452508	0	0.122	1	RFFL	c21
0.00127527383158834	-4.50402799267647	0	0.108	1	RAB37	c21
7.90374458955828e-05	-4.50393946302246	0	0.155	1	CINP	c21
0.0108760493184512	-4.50338947250681	0	0.07	1	MAP3K1	c21
0.00105610560417151	-4.50276515881655	0	0.111	1	MTMR6	c21
0.000898807527262905	-4.50202129530005	0	0.114	1	TBC1D10A	c21
0.000148286464371304	-4.50152527148952	0	0.145	1	RAD1	c21
0.00123158271668454	-4.50149129012238	0	0.109	1	DHX8	c21
0.0015820201696666	-4.50087454362547	0	0.104	1	AL138963.3	c21
1.14434430467589e-24	-4.49930080614798	0.023	0.657	3.83790192902199e-20	CTSC	c21
7.63278302942525e-28	-4.49830039704646	0.023	0.707	2.55988277240864e-23	CD53	c21
0.165710259992964	4.49797966908765	0.012	0.003	1	CCDC144A	c21
0.00269086077267485	-4.49797544068217	0	0.095	1	PKN2	c21
0.000300381162939681	-4.49779670298016	0	0.133	1	VPS37A	c21
0.000924413575592255	-4.49671367344294	0	0.114	1	FIGNL1	c21
0.000588443288258469	-4.49364506920476	0	0.122	1	TOP2B	c21
0.000224860783311797	-4.49350059796841	0	0.138	1	NFYB	c21
1.6933729290129e-16	-4.49312278449303	0.012	0.497	5.67923412932346e-12	PSMD11	c21
0.000124277131667562	-4.49304056632262	0	0.147	1	EIF1AD	c21
0.00141564078754138	-4.49243792302363	0	0.106	1	RGP1	c21
0.000584282510635196	-4.49221783348031	0	0.122	1	MAP3K7	c21
0.000559914227195873	-4.4898497633038	0	0.122	1	MON1B	c21
0.000786339059377393	-4.48917276931951	0	0.117	1	SLC7A5	c21
0.000678000152151065	-4.48915574781823	0	0.119	1	IFRD1	c21
0.00507438508657534	-4.48871677499177	0	0.084	1	PIK3C3	c21
0.00532105216568221	-4.48850318160585	0	0.083	1	JAK2	c21
4.43107020280901e-05	-4.48835677279986	0.012	0.184	1	CCR7	c21
0.000112900003246815	-4.48756340708447	0	0.149	1	ECH1	c21
0.000707370673046226	-4.48574494984904	0	0.118	1	NUDCD1	c21
0.00147592347289794	-4.48547778832825	0	0.106	1	RDH14	c21
0.000265666456493632	-4.48359823671598	0	0.135	1	COPS7A	c21
0.000311407216154372	-4.48341409735802	0	0.132	1	MELK	c21
0.000911522715323644	-4.48295343856989	0	0.114	1	HYI	c21
0.000764476721218992	-4.48191023269993	0	0.117	1	TM9SF3	c21
0.000128944030776314	-4.48147148007087	0	0.147	1	METTL21A	c21
0.000485638047756714	-4.48080538511557	0	0.125	1	HSD17B4	c21
0.00176748471624906	-4.48038952658465	0	0.103	1	FBXW11	c21
0.00141564079064767	-4.4802506082893	0	0.106	1	ATP13A2	c21
0.000707370672328813	-4.47957542720299	0	0.118	1	NFATC1	c21
0.00239429102184573	-4.47922091823359	0	0.097	1	DCLRE1C	c21
4.84285500158329e-17	-4.47918591977239	0.012	0.508	1.62419671043101e-12	EMC4	c21
0.000357021030928703	-4.47866337929447	0	0.13	1	NELFA	c21
0.000349408706026527	-4.47843136364544	0	0.13	1	MED21	c21
0.000984660830277438	-4.47825605682315	0	0.113	1	TMEM115	c21
0.000397575538872986	-4.47813687764511	0	0.128	1	NKAPD1	c21
0.000697445081848074	-4.47748752794561	0	0.119	1	RIOX2	c21
0.0039191704774945	-4.47687357308883	0	0.089	1	APPBP2	c21
0.000179396864694769	-4.4748472989063	0	0.141	1	CORO1C	c21
0.000991587214831898	-4.47395387400059	0	0.113	1	NARFL	c21
0.000678000152564079	-4.47364048173311	0	0.119	1	TMEM35B	c21
0.000548104925470572	-4.47307049165109	0	0.123	1	FHOD1	c21
0.000216834924239333	-4.47298604470034	0	0.138	1	TEN1	c21
0.00015610258367625	-4.47217251391649	0	0.144	1	NIPSNAP2	c21
0.000917946039351647	-4.47189075803951	0	0.114	1	TBC1D17	c21
0.0112473701587218	-4.47135037744916	0	0.07	1	FTX	c21
0.000397575539282173	-4.47007600436926	0	0.128	1	ZFAND1	c21
0.0970846384300382	-4.46923989316132	0	0.031	1	TRAV40	c21
0.000354465791276507	-4.46807758417536	0	0.13	1	MICU1	c21
0.00134835082097418	-4.46802017747137	0	0.107	1	CBX6	c21
0.000517789179528357	-4.46754991966166	0	0.124	1	KIF11	c21
0.00118935621243109	-4.4665404072309	0	0.109	1	IL12RB2	c21
0.000140852175301295	-4.46559443869649	0	0.145	1	PDF	c21
0.00288183402247767	-4.46552803992539	0	0.094	1	LRCH3	c21
1.41041312704109e-39	-4.46488520878071	0.058	0.866	4.73024354547041e-35	RPL30	c21
0.00328200439503791	-4.46483307309193	0	0.092	1	LINC00324	c21
0.00109370335037672	-4.46157199563321	0	0.111	1	SCLT1	c21
0.000580150454278797	-4.45988781507741	0	0.122	1	RSPRY1	c21
0.000234874576163519	-4.45801153006303	0	0.137	1	ELK1	c21
0.00194710217514671	-4.45692481356654	0	0.101	1	SMAD3	c21
0.00550443013932907	-4.45680019979874	0	0.082	1	TMEM41B	c21
0.00185516649671474	-4.45616371681352	0	0.102	1	SACS	c21
0.00119768667710077	-4.45408441768735	0	0.109	1	ZNF281	c21
0.00402742064678797	-4.45406721116699	0	0.088	1	CYP51A1	c21
0.00265418325903677	-4.45391533489473	0	0.095	1	ANKZF1	c21
0.000478762469409213	-4.4537526688619	0	0.125	1	AIDA	c21
0.000400433420228566	-4.45355647892508	0	0.128	1	TSEN34	c21
0.000359594233427855	-4.45335102455295	0	0.13	1	VAMP7	c21
0.000176793595678466	-4.45265904428867	0	0.142	1	SMIM3	c21
0.00452120421432902	-4.45175524831542	0	0.086	1	GPHN	c21
0.000306950233551598	-4.4515922942027	0	0.133	1	SLC25A19	c21
0.000548104925022996	-4.45075689103973	0	0.123	1	SPRYD3	c21
0.00176748471589826	-4.44922500794389	0	0.103	1	GNE	c21
0.000175505803805873	-4.44858867348605	0	0.142	1	WRAP53	c21
0.000668477192606608	-4.44825509165713	0	0.119	1	ABHD2	c21
0.000206066099605043	-4.44812839000047	0	0.139	1	AGPAT1	c21
0.264929604702386	-4.447756392134	0	0.014	1	TRBV9	c21
0.00133899699286452	-4.44758795189766	0	0.107	1	PTPRA	c21
0.000258085265577374	-4.44690513404366	0	0.135	1	SSBP3	c21
0.00265418325485929	-4.44666292928458	0	0.095	1	LMBR1L	c21
0.000596851785431748	-4.44627644779475	0	0.121	1	VPS16	c21
0.17184412504981	-4.44575060976884	0	0.021	1	TCL1A	c21
7.02785252049673e-21	-4.44567113579119	0.012	0.581	2.35700117832419e-16	FKBP1A	c21
0.000880059014171231	-4.44550846346813	0	0.115	1	DLGAP4	c21
0.00373656822722861	-4.44530720702299	0	0.089	1	WDFY1	c21
0.00162651713015131	-4.44461821062884	0	0.104	1	NCOR2	c21
0.20768583573529	4.44390981088148	0.012	0.004	1	NUMBL	c21
0.00115659711883522	-4.4438837964406	0	0.11	1	STX6	c21
0.000820281848320715	-4.44314680989222	0	0.116	1	CPTP	c21
0.000930925624874872	-4.44293859434337	0	0.114	1	ANKRD28	c21
0.00116470322788185	-4.44271553715267	0	0.11	1	SLC25A36	c21
0.000375417593143697	-4.44240089669357	0	0.129	1	DOK1	c21
0.00565559932330035	-4.44189689947903	0	0.082	1	ITGA5	c21
0.00391917047825964	-4.44181965197197	0	0.089	1	POGLUT1	c21
0.000130858219423978	-4.44065495356779	0	0.147	1	MIS18A	c21
0.00118108239962298	-4.43925490878065	0	0.11	1	PSMD5	c21
0.00113260827371049	-4.43849219791822	0	0.11	1	ELP3	c21
0.000210615918216275	-4.43842892600017	0	0.139	1	SHMT1	c21
0.000247107420756384	-4.43779598362216	0	0.136	1	NDUFA11	c21
0.00310727129786789	-4.4376183566276	0	0.093	1	NHLRC3	c21
0.000764476722302362	-4.4368386236907	0	0.117	1	KIF4A	c21
0.00334998526188585	-4.43613915660748	0	0.091	1	MARF1	c21
0.00104873910126009	-4.43377127538432	0	0.112	1	CEP78	c21
0.00270938541042154	-4.43304796421851	0	0.095	1	ADAM17	c21
0.000831910940110949	-4.43231780767809	0	0.116	1	ACTR8	c21
0.000727637351186073	-4.43087320823218	0	0.118	1	NT5DC1	c21
0.000120662485721075	-4.43047348059328	0	0.148	1	TRIP13	c21
0.00269086077267485	-4.43014830926706	0	0.095	1	GBP3	c21
0.000764476720754692	-4.43007373923956	0	0.117	1	APBB1	c21
0.0093183651788513	-4.42797784013664	0	0.073	1	CCNT2	c21
0.00251231163463568	-4.42759871499919	0	0.096	1	EBLN3P	c21
0.000649821405633768	-4.42738108139584	0	0.12	1	BLCAP	c21
0.000179396864732484	-4.42703215506568	0	0.141	1	SDHAF3	c21
0.000236585271682932	-4.42599903886104	0	0.137	1	NDUFA13	c21
0.00111688663042729	-4.42583098970693	0	0.111	1	IQCB1	c21
0.000287651686712448	-4.42573493332223	0	0.134	1	PUDP	c21
0.000184715954193041	-4.42547831976543	0	0.141	1	NTHL1	c21
0.000753769288223516	-4.42390842391728	0	0.117	1	ABCF3	c21
0.000147201479372431	-4.42376952506652	0	0.145	1	NOC4L	c21
0.000263751052098462	-4.42348146590665	0	0.135	1	ALKBH6	c21
1.62512585530842e-34	-4.42262574475782	0.047	0.799	5.45034709353339e-30	HINT1	c21
0.000327509173849234	-4.42251758468732	0	0.131	1	CCDC28A	c21
0.00296189070086316	-4.42045437703721	0	0.093	1	AQR	c21
0.00137679738373096	-4.41937683215212	0	0.107	1	CEP104	c21
0.00361128004221474	-4.41910166551467	0	0.09	1	CMTR1	c21
0.00157108338194308	-4.41865176180115	0	0.105	1	VPS35L	c21
0.0143186316052982	-4.4183865755519	0	0.065	1	CLIC3	c21
0.00825507025082636	-4.41825958831994	0	0.075	1	NMU	c21
0.000991587216028732	-4.4164171786514	0	0.113	1	SERPINB6	c21
0.000329874739450297	-4.4152508964342	0	0.131	1	ECSIT	c21
0.000970949590975867	-4.41346243079365	0	0.113	1	CRTC2	c21
0.00164922254920132	-4.41168248690214	0	0.104	1	AKTIP	c21
0.000452197517932622	-4.41142558297193	0	0.126	1	BCL2L13	c21
0.00197417895547255	-4.41061000524974	0	0.101	1	SCYL3	c21
0.000105624838008218	-4.41058387078392	0	0.15	1	RPS17	c21
1.60821201396866e-15	-4.41026539087825	0.023	0.493	5.39362145244809e-11	HLA-DPB1	c21
0.000917946037871616	-4.41010284110336	0	0.114	1	GLT8D1	c21
0.00112472060010789	-4.40949895958008	0	0.11	1	E2F3	c21
0.000759104569387664	-4.40914358389211	0	0.117	1	ILVBL	c21
0.000197252044069284	-4.40760542309869	0	0.14	1	TIPIN	c21
0.000791899340898898	-4.40741853697649	0	0.116	1	DHRS4L2	c21
0.000300381163251114	-4.40686931870447	0	0.133	1	CTSZ	c21
0.000855654234098749	-4.40653735349078	0	0.115	1	AGPS	c21
0.00049967945565099	-4.40619321826213	0	0.124	1	KIF21A	c21
0.00107850983195654	-4.4061902095235	0	0.111	1	TAF2	c21
1.17466003260169e-30	-4.40589099927653	0.023	0.748	3.93957481733956e-26	PCBP1	c21
0.00154943127871771	-4.40580863630703	0	0.105	1	ECD	c21
0.00308608194542843	-4.40484634888518	0	0.093	1	STAT6	c21
0.000596851784337503	-4.40468065925622	0	0.121	1	DALRD3	c21
0.00112472060191246	-4.4040475161378	0	0.11	1	TMEM205	c21
0.000320511298797134	-4.40394695632417	0	0.132	1	CCDC34	c21
0.000439459914052708	-4.40287844136067	0	0.126	1	UCK1	c21
0.00252963057062435	-4.40274802881439	0	0.096	1	TBX21	c21
0.00323743790231743	-4.40254364022788	0	0.092	1	RC3H2	c21
0.000445784333509355	-4.4020012268634	0	0.126	1	TMEM167B	c21
0.0117884050307868	-4.40133167948563	0	0.069	1	PATL2	c21
0.00115659711929884	-4.40125350191563	0	0.11	1	NPRL3	c21
0.000727637351776032	-4.40113658942865	0	0.118	1	THUMPD3	c21
0.00066847719165611	-4.40066792394135	0	0.119	1	TANGO2	c21
0.00085565423133482	-4.40019231591709	0	0.115	1	NAGA	c21
0.00344278013812754	-4.39951645073648	0	0.091	1	ELP2	c21
0.000649821406030037	-4.39912097464017	0	0.12	1	FANCA	c21
7.71344779660012e-31	-4.39909442508547	0.058	0.762	2.58693612202375e-26	S100A10	c21
0.000886265668767836	-4.39826054703911	0	0.115	1	PYGO2	c21
0.000258085265899765	-4.39781978476431	0	0.135	1	RBFA	c21
0.00292159342402009	-4.39775078536156	0	0.094	1	RPRD2	c21
0.000814526993709653	-4.39724345749645	0	0.116	1	MAP1S	c21
0.00104142282007244	-4.39664246798565	0	0.112	1	HIST1H2BK	c21
0.0010414228240482	-4.39573568521612	0	0.112	1	SLF1	c21
0.00241081226173934	-4.3956530558722	0	0.097	1	STIM2	c21
0.00128419215792524	-4.39553889074663	0	0.108	1	BAG5	c21
0.00022161628205569	-4.39519534667177	0	0.138	1	RTL8C	c21
0.00411053078915119	-4.39518062826605	0	0.088	1	RNF157	c21
0.000596851783972755	-4.39512207113989	0	0.121	1	FAM217B	c21
0.000452197519324187	-4.39441316365386	0	0.126	1	RCC2	c21
0.000184715954193041	-4.39394580145697	0	0.141	1	ZFPL1	c21
0.00079749801736063	-4.39198148203449	0	0.116	1	SERTAD1	c21
0.00140583062469157	-4.39144171782892	0	0.107	1	LACTB	c21
0.00135776854579806	-4.39118098220295	0	0.107	1	TWF1	c21
0.00130221214444014	-4.39057672128128	0	0.108	1	AP5M1	c21
0.000707370671754881	-4.38896435090554	0	0.118	1	SLC25A26	c21
3.62066185130578e-15	-4.3887179160171	0.012	0.468	1.21429757169093e-10	CKS2	c21
0.000605377519526385	-4.38820362567443	0	0.121	1	FDXR	c21
0.00102693959476181	-4.38795889331519	0	0.112	1	MIDN	c21
0.000489111873144137	-4.38670545421089	0	0.125	1	MGST2	c21
0.000631674224542167	-4.38644353163461	0	0.12	1	YIPF2	c21
0.000957424960995495	-4.38594410344446	0	0.113	1	TMEM41A	c21
0.00122302180985327	-4.38536682393451	0	0.109	1	TRIM25	c21
0.000471981900604959	-4.38514964845075	0	0.125	1	MYO1C	c21
0.00263602875033697	-4.38449982922483	0	0.096	1	SEC23A	c21
0.00093748248385048	-4.38377283220588	0	0.114	1	WDR20	c21
0.00121451909229851	-4.3837445320189	0	0.109	1	PIGL	c21
0.000455437777007975	-4.38306810275062	0	0.126	1	YARS2	c21
0.00234539016189628	-4.38227431078169	0	0.098	1	C21orf58	c21
0.001348350821782	-4.37949721158926	0	0.107	1	STX3	c21
0.0058900481097705	-4.37847981367335	0	0.081	1	IL18R1	c21
0.0164809990801934	-4.37827641750814	0	0.063	1	HELB	c21
0.0039191704774945	-4.37819491327769	0	0.089	1	APAF1	c21
0.00573270933728254	-4.37788526556132	0	0.082	1	RGS1	c21
0.000198695095042434	-4.37786928443899	0	0.14	1	PTRH1	c21
1.14674708780303e-25	-4.37746476685574	0.012	0.661	3.8459603830738e-21	COX6C	c21
0.000332256963591401	-4.37573511099115	0	0.131	1	RAD51AP1	c21
0.0058108543297359	-4.37572171072783	0	0.082	1	HLA-DMB	c21
0.000289736114864362	-4.37495699757038	0	0.133	1	TOE1	c21
1.84182880437542e-17	-4.37478367341665	0.012	0.516	6.17712544411428e-13	SPCS3	c21
0.0146093391247953	-4.37393933044874	0	0.065	1	LGALS3BP	c21
0.00158202016872227	-4.373173064548	0	0.104	1	TSPAN5	c21
0.000201612131137948	-4.37221219226637	0	0.14	1	HCCS	c21
0.00229746834298284	-4.37147709128679	0	0.098	1	KANSL3	c21
0.000898807528712823	-4.37084322302174	0	0.114	1	RPAP3	c21
0.000412066674577711	-4.37014062167391	0	0.128	1	TP53RK	c21
0.00402742063814334	-4.36883533898488	0	0.088	1	ZDHHC20	c21
0.00249510893938842	-4.36805015471496	0	0.097	1	PNPT1	c21
0.000737982208687355	-4.36739615750583	0	0.118	1	ANAPC7	c21
0.0021298236149819	-4.36634141339614	0	0.099	1	ZNF76	c21
0.000351928389073324	-4.36585989313442	0	0.13	1	OGFOD1	c21
0.000525211025221466	-4.36530449454138	0	0.123	1	WRB	c21
0.00042402937066296	-4.36526689015337	0	0.127	1	PPP2R5D	c21
0.00104142282258345	-4.36468632372713	0	0.112	1	ORAI3	c21
0.00211519136941345	-4.36428880288085	0	0.099	1	MRE11	c21
2.06316570540203e-27	-4.36299625349141	0.023	0.701	6.91944514277734e-23	NDUFA4	c21
0.00361128004150861	-4.362836927063	0	0.09	1	YEATS2	c21
0.000998561200297404	-4.3626128592344	0	0.112	1	MTRR	c21
0.00270938541148717	-4.36199709459068	0	0.095	1	CA5B	c21
0.000461986392840517	-4.36194320427702	0	0.126	1	MED31	c21
0.0011013783605724	-4.36183320523794	0	0.111	1	BROX	c21
0.00166069127879855	-4.36161123996973	0	0.104	1	ATP13A3	c21
0.000334655962458685	-4.36155497095064	0	0.131	1	EBAG9	c21
0.000496132410171924	-4.36042565188337	0	0.124	1	AHCYL1	c21
1.06136404292126e-11	-4.36034409693897	0.012	0.386	3.55960272714931e-07	S1PR1	c21
0.00413860687180889	-4.35921869241674	0	0.088	1	UHRF2	c21
0.000458700683788803	-4.35921771424122	0	0.126	1	SPATA33	c21
0.00159303144018121	-4.359152571594	0	0.104	1	DIAPH3	c21
0.000898807527444143	-4.35832366255364	0	0.114	1	RNF214	c21
0.000229814520857104	-4.35812504248298	0	0.137	1	ERI3	c21
0.000911522715139903	-4.35787301980596	0	0.114	1	AGFG2	c21
0.000455437776540882	-4.35781902209849	0	0.126	1	TMA16	c21
0.00173116076693805	-4.35715024669502	0	0.103	1	TARSL2	c21
0.00400008588118174	-4.35694640912725	0	0.088	1	EEA1	c21
0.00190716750722065	-4.35654332026401	0	0.101	1	TSPYL1	c21
0.000797498015747795	-4.35533087309631	0	0.116	1	TFDP2	c21
0.00282318798963989	-4.35475369212179	0	0.094	1	POLK	c21
0.000930925624874872	-4.3544115775685	0	0.114	1	DNAJC5	c21
0.0642894780838631	4.354289154375	0.023	0.007	1	RAB11FIP3	c21
0.00234539016143365	-4.35418486144777	0	0.098	1	PPP1R15B	c21
0.0027280350770021	-4.35387968802822	0	0.095	1	ANKRD13C	c21
0.00038084142176545	-4.35262626657111	0	0.129	1	MAPK6	c21
0.00143546241203459	-4.35089962640113	0	0.106	1	ECT2	c21
5.0962739998546e-14	-4.35048824760609	0.012	0.443	1.70918837407124e-09	PCNA	c21
0.000831910940447086	-4.3496266202527	0	0.116	1	HDGFL2	c21
0.00136725059064779	-4.34943737202861	0	0.107	1	SCAMP4	c21
0.00312860336284376	-4.34927731250644	0	0.093	1	PHF21A	c21
0.00119768667782031	-4.34922902259111	0	0.109	1	RRN3	c21
0.00161527941636389	-4.34894891589873	0	0.104	1	RFWD3	c21
2.47083992685506e-21	-4.34865897015936	0.012	0.589	8.28670294668651e-17	BCAP31	c21
0.000861692714987436	-4.34681674613269	0	0.115	1	ZNF146	c21
0.00052896077898354	-4.34322696174952	0	0.123	1	TPRA1	c21
0.000354465791496054	-4.34317413928886	0	0.13	1	SASS6	c21
0.00120607417634514	-4.34231607383951	0	0.109	1	INO80	c21
0.000442611104806988	-4.34137999990204	0	0.126	1	PRPF4	c21
1.03074435117848e-28	-4.34110484205333	0.035	0.726	3.45691040498239e-24	GSTP1	c21
0.000436330615809255	-4.34086258448027	0	0.127	1	UBR7	c21
0.00419532548799716	-4.34076241227571	0	0.087	1	PIK3R5	c21
0.000697445080291364	-4.34046331925837	0	0.119	1	METTL13	c21
0.00131131462769237	-4.33915794912491	0	0.108	1	AUH	c21
0.00751173625567737	-4.33822830337745	0	0.077	1	CUX1	c21
0.0026724603204242	-4.33794150799417	0	0.095	1	ABR	c21
0.00161527941443644	-4.33781574383515	0	0.104	1	AGA	c21
8.15353439167768e-32	-4.33717108449049	0.023	0.765	2.73453236428086e-27	RPL27	c21
0.00442993900871908	-4.33663427851375	0	0.086	1	SDCCAG8	c21
0.00193370048751795	-4.33616933228184	0	0.101	1	POR	c21
0.00127527383209835	-4.33581425845427	0	0.108	1	BET1L	c21
0.000786339058104736	-4.33552028953483	0	0.117	1	SLC35C1	c21
0.000977781725711504	-4.33516806357806	0	0.113	1	TMEM107	c21
0.00711705106937172	-4.33500608912943	0	0.078	1	CDK17	c21
0.00683452815177703	-4.33412355333335	0	0.079	1	TGFBR3	c21
5.46585496761124e-36	-4.33402382909615	0.07	0.832	1.83313843903746e-31	RPL34	c21
0.00312860336407069	-4.33259098847678	0	0.093	1	TOR1AIP2	c21
0.000273464599043759	-4.33228069737772	0	0.134	1	CCNQ	c21
0.00171921593701445	-4.33111081515065	0	0.103	1	CSNK1G2	c21
0.000234874576653743	-4.33045280650321	0	0.137	1	SFXN4	c21
0.00143546241489711	-4.33010850508804	0	0.106	1	RELL2	c21
0.00332717282990777	-4.32952888404529	0	0.091	1	NUDCD3	c21
0.00179211402874969	-4.32822360786061	0	0.102	1	EDEM1	c21
1.07981810920469e-41	-4.32814264111779	0.105	0.882	3.6214939746507e-37	RPS15	c21
0.00159303143637822	-4.32745040963372	0	0.104	1	EML3	c21
0.000357021031813054	-4.32699545100219	0	0.13	1	CTDNEP1	c21
0.00218935052528798	-4.32654341005497	0	0.099	1	MYNN	c21
0.000957424961381023	-4.32636579152999	0	0.113	1	POLR1C	c21
0.00323743790168305	-4.32595194156485	0	0.092	1	HIST1H2AH	c21
0.000596851784823834	-4.3258110139406	0	0.121	1	G6PC3	c21
0.00419532549535936	-4.32499747940268	0	0.087	1	DCAF10	c21
0.00528510477813075	-4.32447945819705	0	0.083	1	PELI1	c21
0.000306950232406575	-4.32336659978526	0	0.133	1	C8orf33	c21
0.00402742064993147	-4.32232339270506	0	0.088	1	CCDC84	c21
0.00162651713047474	-4.32177343559706	0	0.104	1	G2E3	c21
0.0246235884248422	-4.321564272864	0	0.056	1	AC025164.1	c21
0.00711705108037651	-4.32144651376765	0	0.078	1	KIAA1468	c21
0.000532736651043453	-4.32139162624383	0	0.123	1	HUS1	c21
0.000499679455446492	-4.32094900528395	0	0.124	1	TIGAR	c21
0.000924413576337357	-4.32078497018738	0	0.114	1	FAM200B	c21
0.000831910939774814	-4.32076556663661	0	0.116	1	RFLNB	c21
0.0112473701479144	-4.31882245000291	0	0.07	1	SLC37A3	c21
1.14109218579899e-30	-4.31874512680333	0.023	0.746	3.82699497273267e-26	PSME1	c21
0.00276571279586895	-4.31784914096196	0	0.095	1	EPB41L4A-AS1	c21
2.28222423720026e-38	-4.31752325291456	0.07	0.852	7.65412364672224e-34	RPS13	c21
0.000722518157903984	-4.3170302617317	0	0.118	1	MAPKAPK2	c21
3.44121345507486e-16	-4.31681263665353	0.012	0.491	1.15411416856301e-11	TMED9	c21
0.00280390064734193	-4.31650982324983	0	0.094	1	FKBP15	c21
0.000911522716242347	-4.31648957443039	0	0.114	1	IFT20	c21
0.00413860686696591	-4.31531268126388	0	0.088	1	AVL9	c21
0.00368594890599148	-4.31482088327966	0	0.09	1	CTDSPL2	c21
0.00149657024649586	-4.31459345815697	0	0.105	1	TM9SF1	c21
0.00148621178667763	-4.31369260289813	0	0.106	1	CYP2R1	c21
0.000552014091799903	-4.31276299679254	0	0.123	1	CHAMP1	c21
0.00186803510115397	-4.31169662316641	0	0.102	1	TCTA	c21
0.00814459412297538	-4.31150793117502	0	0.075	1	HIVEP2	c21
0.0027280350770021	-4.31115976470739	0	0.095	1	GPR107	c21
0.000329874738631492	-4.31036003101763	0	0.131	1	C12orf73	c21
0.000389120747250688	-4.30964757671556	0	0.129	1	PAK1IP1	c21
0.0014255179037584	-4.30951799973458	0	0.106	1	UTP3	c21
0.00144547477018854	-4.30936341280762	0	0.106	1	TVP23B	c21
0.00236158070536602	-4.30930778260525	0	0.097	1	RNF20	c21
0.000668477192470822	-4.30895918024773	0	0.119	1	RAB22A	c21
0.000514116733577702	-4.30839926854289	0	0.124	1	SNX4	c21
0.00251231163710988	-4.30776863321579	0	0.096	1	ATRIP	c21
0.00251231163414085	-4.30749922831044	0	0.096	1	ST3GAL5	c21
0.00535724013892108	-4.30724151319314	0	0.083	1	CD200R1	c21
0.000950731847654872	-4.30670564887008	0	0.113	1	SFXN3	c21
0.00913219369408647	-4.30632477749262	0	0.073	1	ERCC6L2	c21
0.00062721530327809	-4.30621224012309	0	0.12	1	RPP38	c21
0.0017192159387216	-4.30593987140775	0	0.103	1	HDHD3	c21
0.000311407214864142	-4.30590260201592	0	0.132	1	NDUFAF2	c21
0.0030027330221826	-4.30452020068853	0	0.093	1	SKIV2L	c21
0.0886277027797965	4.30431876763426	0.012	0.002	1	AL645568.1	c21
0.14991907634564	-4.30391076538865	0	0.024	1	FCER1G	c21
0.002582292541095	-4.30273605610378	0	0.096	1	ZCCHC8	c21
0.00098466083047555	-4.30158285388799	0	0.113	1	TFE3	c21
0.00106352266446496	-4.30140487947618	0	0.111	1	POP1	c21
0.00808990482312115	-4.30106984034409	0	0.076	1	CHD6	c21
0.000991587214432954	-4.30035967371603	0	0.113	1	DUSP22	c21
0.00220448506783936	-4.29990981016623	0	0.099	1	FGFR1	c21
0.00107850983325566	-4.29977467461051	0	0.111	1	STK26	c21
0.00113260827302914	-4.29851494361825	0	0.11	1	TMEM214	c21
0.00573270933283556	-4.29844544487741	0	0.082	1	SC5D	c21
0.00315007909942147	-4.29781042487267	0	0.092	1	PEX26	c21
0.00792800305684063	-4.29702512579501	0	0.076	1	SHPRH	c21
0.00146570483795419	-4.2970229463776	0	0.106	1	POLR3C	c21
0.00346637028373439	-4.29697321966051	0	0.091	1	KLHL28	c21
0.00569402581068484	-4.29650063939319	0	0.082	1	ZBTB25	c21
0.00278474253151189	-4.29474452763817	0	0.095	1	TOR1B	c21
0.00103415642981695	-4.29335644130708	0	0.112	1	NBPF14	c21
0.00361128004080249	-4.29315682274313	0	0.09	1	ZNF75A	c21
0.000786339058741064	-4.29110963947447	0	0.117	1	BDH1	c21
0.000406209426629125	-4.2909218827622	0	0.128	1	RPF1	c21
0.00184238469898772	-4.2908407051726	0	0.102	1	OTULINL	c21
0.0025646202425958	-4.29071977984319	0	0.096	1	DCTN4	c21
0.000332256963934969	-4.29005713638524	0	0.131	1	KIAA1143	c21
0.00493852048002629	-4.28735713715686	0	0.084	1	WHAMM	c21
5.83598731195301e-42	-4.28554437737352	0.116	0.888	1.9572734246828e-37	RPL11	c21
0.000349408705882196	-4.2850695586631	0	0.13	1	CXorf40B	c21
0.00647496672632122	-4.28458501682328	0	0.08	1	FBXO21	c21
0.00437010418630787	-4.28451936281361	0	0.087	1	ABTB1	c21
0.0244593766802814	-4.28373246381012	0	0.056	1	TNFSF8	c21
0.000322827566059295	-4.2828971620587	0	0.132	1	OIP5	c21
0.00015270486000963	-4.28245012037068	0	0.144	1	QDPR	c21
0.00229746834434298	-4.28244281087643	0	0.098	1	MSH2	c21
0.000406209426461989	-4.28198175478955	0	0.128	1	COPS7B	c21
0.000194396519473548	-4.28149852751188	0	0.14	1	CHCHD4	c21
0.00144547476817113	-4.2801291937216	0	0.106	1	HBEGF	c21
0.0016722380435031	-4.27984273738866	0	0.104	1	C6orf106	c21
0.00141564079036528	-4.27898312981873	0	0.106	1	PPP3R1	c21
0.00141564079036528	-4.2789544989356	0	0.106	1	BORCS6	c21
1.05495274727608e-25	-4.27888579368729	0.012	0.661	3.53810052381453e-21	CDC37	c21
0.000663764810751759	-4.27886441636059	0	0.119	1	BNIP3	c21
1.06721655954918e-22	-4.27849516864111	0.023	0.627	3.57923089741603e-18	UQCR10	c21
2.7969797307511e-33	-4.27830814865512	0.058	0.789	9.38051062099305e-29	RPS26	c21
0.000791899341059078	-4.27781993179836	0	0.116	1	ATG4D	c21
0.000964164104436673	-4.2767092357329	0	0.113	1	GSKIP	c21
0.000492609937372468	-4.27619765220061	0	0.125	1	NTPCR	c21
0.00798161167791803	-4.27510234886241	0	0.076	1	MED17	c21
0.00125761848556697	-4.27457311708533	0	0.108	1	UBIAD1	c21
0.0035867220262151	-4.27432498804855	0	0.09	1	ABCB7	c21
0.00601083580459674	-4.27420990999156	0	0.081	1	LCOR	c21
0.000482188300896748	-4.27401601250821	0	0.125	1	EPS8L2	c21
0.00118108240056938	-4.27366223042305	0	0.11	1	SLC30A9	c21
0.00282318799074934	-4.27190339426297	0	0.094	1	HIST1H2BC	c21
0.0108032552443521	-4.2711248444378	0	0.07	1	VPS13D	c21
0.00107850983195654	-4.27057219785105	0	0.111	1	CFAP36	c21
0.19028941781329	-4.26982903310882	0	0.02	1	TRBV18	c21
0.000780816909617581	-4.26967363462369	0	0.117	1	ARHGAP11A	c21
0.00181707919255302	-4.26905012029344	0	0.102	1	TRMO	c21
0.000430137095998991	-4.26889615201422	0	0.127	1	C18orf32	c21
0.00656306927535691	-4.26836958074317	0	0.079	1	MEF2A	c21
0.00394596198882367	-4.26703991672897	0	0.088	1	TMEM19	c21
0.00330451287516369	-4.26666040686659	0	0.092	1	RBM48	c21
0.000998561200498244	-4.26637077199455	0	0.112	1	MRS2	c21
0.00532105215948307	-4.26631583811978	0	0.083	1	PACS1	c21
9.95654907483473e-18	-4.26620918540651	0.012	0.522	3.33922742871807e-13	COMMD6	c21
0.00188099108090952	-4.26495062211872	0	0.101	1	NUP88	c21
0.000433223058935362	-4.26426549655476	0	0.127	1	ZCCHC10	c21
0.00391917047519907	-4.26410259696999	0	0.089	1	PHKB	c21
0.0012576184873279	-4.26348137496328	0	0.108	1	ST6GALNAC4	c21
0.00118108239891318	-4.26342032168352	0	0.11	1	POLD1	c21
0.000532736650825783	-4.262588250948	0	0.123	1	PLGRKT	c21
0.00263602875033697	-4.26238216299182	0	0.096	1	PRKCI	c21
8.42285443272243e-16	-4.26227100135034	0.012	0.483	2.82485691964645e-11	TOMM22	c21
0.000528960779307791	-4.26086317184419	0	0.123	1	SLC39A4	c21
0.0113993901374343	-4.26049295788828	0	0.069	1	PCMTD1	c21
0.00151749948679183	-4.25946524998868	0	0.105	1	SP2	c21
0.000873894826975497	-4.25787211149179	0	0.115	1	CYTH2	c21
0.000304745129044679	-4.25736808914376	0	0.133	1	MAIP1	c21
0.140623873341359	-4.25678564451124	0	0.025	1	TRBV6-6	c21
0.00419532549617739	-4.25599838326745	0	0.087	1	INTS6	c21
0.00254706651079061	-4.25497147180888	0	0.096	1	EVI2B	c21
0.00133899699259707	-4.25439325809181	0	0.107	1	DAPK3	c21
0.000732791955485038	-4.25348371568901	0	0.118	1	NDC1	c21
0.00394596198651285	-4.25344073772808	0	0.088	1	VPS39	c21
0.000957424958875101	-4.25313265946379	0	0.113	1	KBTBD4	c21
0.000514116733472575	-4.25299075558536	0	0.124	1	C16orf91	c21
0.579521345421989	4.25207573543118	0.012	0.007	1	VGF	c21
0.00609271300877648	-4.2520622985387	0	0.081	1	PTGER4	c21
0.00310727128568054	-4.25197615553342	0	0.093	1	VPS37B	c21
0.000631674224927643	-4.25186844751841	0	0.12	1	GABPB1	c21
5.9894391514427e-23	-4.25146708250146	0.023	0.632	2.00873810261085e-18	SRSF3	c21
0.00192038913222104	-4.25134336413539	0	0.101	1	TMEM170A	c21
0.00683452815045524	-4.2511129065943	0	0.079	1	PVT1	c21
0.000622787110247572	-4.25081947897899	0	0.121	1	PPP1R8	c21
0.000548104925358679	-4.25008666912273	0	0.123	1	MEMO1	c21
0.000433223059024339	-4.24993517143263	0	0.127	1	SNAPC2	c21
0.000528960777038031	-4.24953887926634	0	0.123	1	ARMCX6	c21
0.00148621178549309	-4.24941690283568	0	0.106	1	CLPX	c21
0.00434048538973025	-4.24898987248179	0	0.087	1	RPRD1A	c21
0.00282318799407772	-4.24886780158443	0	0.094	1	ELL	c21
0.000737982206593877	-4.24840097796968	0	0.118	1	GTF3C2	c21
0.00105610560353512	-4.24808259273812	0	0.111	1	C6orf48	c21
0.0013960869649936	-4.24673305620882	0	0.107	1	RNF40	c21
0.000791899341379436	-4.2465503336429	0	0.116	1	CCDC127	c21
0.011631245123325	-4.24622105455961	0	0.069	1	RLF	c21
0.00258229254160333	-4.24500954563098	0	0.096	1	STYX	c21
0.225703544539646	-4.24450691362691	0	0.017	1	TRBV29-1	c21
0.00521392549259909	-4.24351620897388	0	0.083	1	TMEM154	c21
0.000576046921984928	-4.24230801550161	0	0.122	1	CBR3	c21
0.00189403502050513	-4.24164793617477	0	0.101	1	FGD5-AS1	c21
0.00656306927408683	-4.24139397032868	0	0.079	1	USP42	c21
0.00062278711100795	-4.24070746364951	0	0.121	1	MRM3	c21
0.00312860336038989	-4.2393134172865	0	0.093	1	FAM91A1	c21
0.00787474994327133	-4.23913431404356	0	0.076	1	KIF13B	c21
3.54155942147547e-36	-4.23824298465884	0.058	0.833	1.18776819877444e-31	RPS28	c21
0.00174318681175424	-4.2380254822963	0	0.103	1	MTF1	c21
0.00256462024209088	-4.23776142995077	0	0.096	1	MAP3K5	c21
0.00251231164106859	-4.23755214851801	0	0.096	1	SENP5	c21
0.000964164104824846	-4.23677329412362	0	0.113	1	ZDHHC4	c21
0.000663764809133534	-4.23621565492415	0	0.119	1	SEH1L	c21
0.00405493891318488	-4.23502499047487	0	0.088	1	ORC2	c21
5.6302919928285e-14	-4.23408585733016	0.012	0.442	1.88828732855482e-09	RAB8A	c21
0.00528510478120974	-4.23157584665126	0	0.083	1	SPATA5	c21
0.00766524551126684	-4.23130876916901	0	0.077	1	ZBED5	c21
0.00341934759564742	-4.23109488532305	0	0.091	1	TMEM71	c21
0.000831910940951291	-4.23013480845858	0	0.116	1	HDHD5	c21
0.00106352266382421	-4.22943353131431	0	0.111	1	POLB	c21
0.000687655515270277	-4.22873063249465	0	0.119	1	UAP1	c21
0.00128419215843874	-4.22811059499284	0	0.108	1	DDX55	c21
0.00130221214470041	-4.22765609290034	0	0.108	1	TMEM69	c21
0.00346637029594429	-4.2270818717434	0	0.091	1	EXOC1	c21
5.29841913470395e-22	-4.22623590854308	0.012	0.601	1.77698380939701e-17	TECR	c21
0.0346474872906051	-4.22612766649285	0	0.049	1	IKZF2	c21
0.00386612238781639	-4.22549887609225	0	0.089	1	P4HA1	c21
0.00467743749063867	-4.22430017548263	0	0.085	1	WDR75	c21
0.000861692717248588	-4.22365634104514	0	0.115	1	ESCO2	c21
0.0040549389171406	-4.22203369650112	0	0.088	1	REV1	c21
0.000753769287460254	-4.22203312219641	0	0.117	1	LTV1	c21
0.00261799599663193	-4.22118415061081	0	0.096	1	P4HTM	c21
0.00356232800636253	-4.22086018877794	0	0.09	1	POMT1	c21
2.02038174939006e-35	-4.21981429829711	0.081	0.831	6.77595631110439e-31	RPS27	c21
0.0042528077931325	-4.21877930623671	0	0.087	1	SP4	c21
0.00171921593633158	-4.21867212470834	0	0.103	1	RMND5B	c21
0.00182968911675568	-4.21614630519971	0	0.102	1	SLC25A12	c21
0.00109370334993773	-4.21529658775818	0	0.111	1	ATP5S	c21
0.00449057896393053	-4.2142112190617	0	0.086	1	NEK1	c21
0.00467743749154891	-4.21341888830678	0	0.085	1	HIST1H3G	c21
0.00304412764850205	-4.21302315597619	0	0.093	1	PPM1A	c21
0.0017797576708283	-4.21230566807693	0	0.102	1	INTS14	c21
0.00184238469569978	-4.21215060612388	0	0.102	1	PYROXD1	c21
0.00204349431148559	-4.21120690904055	0	0.1	1	FUOM	c21
0.000732791955485038	-4.21008949192438	0	0.118	1	SDHAF1	c21
0.00121451909205538	-4.20986478463529	0	0.109	1	KPNA4	c21
0.00200162432767542	-4.20883782644805	0	0.1	1	LRRC47	c21
0.0013577685468825	-4.20797201436236	0	0.107	1	SQOR	c21
0.00217431777566334	-4.20773189944135	0	0.099	1	MED7	c21
0.0004652950613825	-4.20769649919274	0	0.125	1	PLEKHA3	c21
0.00296189069795607	-4.20697290485062	0	0.093	1	PPIL4	c21
0.00353809690172837	-4.20680418043906	0	0.09	1	LIPA	c21
5.92537511337341e-44	-4.20389873916051	0.198	0.916	1.98725230552318e-39	RPL10	c21
0.00251231163710988	-4.20378641424453	0	0.096	1	QRSL1	c21
0.00371117382046163	-4.20136181946517	0	0.09	1	PARP10	c21
0.00193370049249726	-4.20100292882783	0	0.101	1	RCOR3	c21
0.000873894826799162	-4.2008948918936	0	0.115	1	ANAPC10	c21
0.000663764809942646	-4.2001982382531	0	0.119	1	LINC01184	c21
0.000849657087728829	-4.20012214324635	0	0.115	1	RITA1	c21
0.00437010418886227	-4.19832660364761	0	0.087	1	ATG16L1	c21
0.0165917075680819	-4.19766412634453	0	0.063	1	SENP7	c21
0.00176748471800305	-4.19752927034097	0	0.103	1	WDHD1	c21
0.000489111872443145	-4.19749498086496	0	0.125	1	SUV39H1	c21
0.00363600312608218	-4.19738059044914	0	0.09	1	TOPORS	c21
0.000528960778875455	-4.19538591439373	0	0.123	1	POLR3H	c21
0.0123552235368795	-4.19485084461591	0	0.068	1	EPM2AIP1	c21
0.00141564079149484	-4.19471860920135	0	0.106	1	PATL1	c21
0.00107099062814905	-4.19411448329666	0	0.111	1	LIN52	c21
1.95418902163166e-18	-4.19252205063873	0.012	0.536	6.55395914074825e-14	UBE2L6	c21
0.00129317145726898	-4.19155446582805	0	0.108	1	MSRA	c21
0.00214455499062167	-4.19051144229039	0	0.099	1	CYB5R1	c21
2.63410787130171e-50	-4.18977801406411	0.477	0.977	8.83427097877167e-46	B2M	c21
0.0114761617325239	-4.18972953010904	0	0.069	1	MAPK8IP3	c21
0.000552014092025247	-4.18902498859856	0	0.123	1	CCDC43	c21
1.64992853052097e-28	-4.18878045983972	0.023	0.721	5.53353030566123e-24	TRIR	c21
0.00325964640940332	-4.18771935576336	0	0.092	1	PRR29	c21
0.604209433272058	4.18732629687538	0.012	0.007	1	CRYBB2	c21
0.000937482484228169	-4.18699978263626	0	0.114	1	POLR1E	c21
0.00231333469757787	-4.18668487340651	0	0.098	1	PDLIM5	c21
0.00161527941572141	-4.18630750406261	0	0.104	1	NUDT14	c21
2.07550039099065e-14	-4.18599458737029	0.012	0.452	6.96081321130446e-10	NUDT5	c21
0.00103415643127172	-4.1856501212549	0	0.112	1	HSCB	c21
0.00082607640679134	-4.18453115381225	0	0.116	1	SLC37A4	c21
0.0315445329581873	-4.18247164909408	0	0.051	1	CREBRF	c21
0.00647496673133431	-4.1824546799524	0	0.08	1	CA2	c21
0.00272803507539287	-4.18196614685457	0	0.095	1	VEZT	c21
0.00134835082205127	-4.1817148464755	0	0.107	1	ATF5	c21
0.00202944323125936	-4.18161475096261	0	0.1	1	HIBCH	c21
0.000924413575964806	-4.18115019251334	0	0.114	1	PRKRIP1	c21
1.63958321191859e-12	-4.18047582328301	0.012	0.407	5.49883417613258e-08	TIMP1	c21
0.00756256588825517	-4.18011532572089	0	0.077	1	HACD2	c21
0.00332717282274006	-4.17948158324667	0	0.091	1	SLC35B3	c21
0.000930925624874872	-4.17824428815953	0	0.114	1	SPC24	c21
0.00358672203182643	-4.17759770975685	0	0.09	1	RNF146	c21
0.00561742820337597	-4.17744595858027	0	0.082	1	APH1B	c21
0.000605377518416908	-4.17597893829715	0	0.121	1	THAP11	c21
0.000659084861784539	-4.17460351877634	0	0.12	1	ANKRD54	c21
0.0128625223142747	-4.17349616770487	0	0.067	1	CLK4	c21
0.000697445079725288	-4.17277327550035	0	0.119	1	CYREN	c21
0.00152807121269496	-4.17230819142286	0	0.105	1	POC5	c21
0.00102693959517463	-4.17225133587945	0	0.112	1	TMEM216	c21
0.00528510478120974	-4.17127908171998	0	0.083	1	ZDHHC5	c21
0.00276571279804361	-4.17070930923988	0	0.095	1	LDLRAD4	c21
0.00638803000593537	-4.16986661194316	0	0.08	1	FAM160B1	c21
0.0010937033519132	-4.16956033551465	0	0.111	1	FAM210A	c21
7.25660566055859e-22	-4.16870399947552	0.012	0.599	2.43372040643814e-17	UBXN1	c21
0.0875550274315372	-4.16862674550292	0	0.033	1	CD72	c21
0.00208622165865455	-4.16852039982975	0	0.1	1	CCDC57	c21
2.79118164651732e-12	-4.16787799255063	0.012	0.401	9.36106500608978e-08	SEPT9	c21
0.00215938615389448	-4.16775697765397	0	0.099	1	INTS12	c21
0.00120607417779406	-4.16716636989419	0	0.109	1	UBAC1	c21
0.000712385055451165	-4.16701492391458	0	0.118	1	BABAM1	c21
0.00136725059064779	-4.16615344278479	0	0.107	1	MAP7D3	c21
3.71825676157407e-26	-4.16602357500155	0.012	0.668	1.24702895269671e-21	TMA7	c21
0.00643135359772438	-4.16473658646388	0	0.08	1	LINC00909	c21
0.0021445549910455	-4.16307198273209	0	0.099	1	ACYP2	c21
0.00225050628396875	-4.1623539110678	0	0.098	1	NME4	c21
0.00883004417600942	-4.16152674649734	0	0.074	1	SKIL	c21
0.0252915602423917	-4.16132376991944	0	0.055	1	MAML2	c21
0.000808811581663237	-4.16039317078679	0	0.116	1	DONSON	c21
0.000998561203510862	-4.15996451818347	0	0.112	1	GLYCTK	c21
0.00126641607489549	-4.15936577198935	0	0.108	1	NUP85	c21
0.00128419215843874	-4.15915723241039	0	0.108	1	SNX8	c21
0.00613406261779151	-4.15900527213726	0	0.081	1	EMSY	c21
0.00963702481524683	-4.15874176712814	0	0.072	1	WASHC2C	c21
0.00228170862662472	-4.15823109487955	0	0.098	1	KIF15	c21
0.00239429101995744	-4.15722347777373	0	0.097	1	TSPAN17	c21
1.66904516067565e-42	-4.15694299324853	0.14	0.901	5.597643659874e-38	RPL28	c21
0.00256462024512043	-4.15634917869882	0	0.096	1	DHCR24	c21
0.010949329105587	-4.15594138902116	0	0.07	1	CD8B2	c21
0.000659084862052388	-4.15578657303853	0	0.12	1	DUSP14	c21
0.00330451288034176	-4.15549965217742	0	0.092	1	SOCS4	c21
0.00124020220128987	-4.15380067986394	0	0.109	1	NFKBIL1	c21
2.96253227194349e-19	-4.15334580200416	0.012	0.552	9.93574073364409e-15	SEC11A	c21
0.064839834909456	-4.15218786589382	0	0.038	1	ZBTB20	c21
0.000563905564829804	-4.15216225256682	0	0.122	1	SEPHS1	c21
0.00054422277980901	-4.15213634227748	0	0.123	1	LRRC42	c21
0.00434048538296384	-4.15139982745173	0	0.087	1	SGTB	c21
1.59131795000915e-29	-4.15132071388076	0.035	0.741	5.33696214074069e-25	ATP5F1E	c21
0.00181707919255302	-4.14984166497279	0	0.102	1	POLR3E	c21
0.003562328007756	-4.149270848574	0	0.09	1	PPM1D	c21
0.0102380048077143	-4.14708546007757	0	0.071	1	NFKBID	c21
0.00497214730482147	-4.1468426141814	0	0.084	1	RIPK1	c21
8.43533798209964e-22	-4.14633555894642	0.012	0.598	2.82904365243658e-17	PPP1R18	c21
0.0159383884854543	-4.14614217473619	0	0.063	1	SCAPER	c21
0.00411053078754761	-4.14580072180363	0	0.088	1	ATXN7L3B	c21
0.000580150452504817	-4.14559065213244	0	0.122	1	SLC25A17	c21
9.31580838306332e-12	-4.14420741525944	0.012	0.388	3.12433581551178e-07	NRDC	c21
0.00274681059306275	-4.14409497708374	0	0.095	1	ANKRD52	c21
0.00656306926646645	-4.14236963468784	0	0.079	1	VAMP2	c21
0.000917946037686613	-4.14227162053768	0	0.114	1	DEPDC1B	c21
0.00292159342402009	-4.14186212980349	0	0.094	1	FANCD2	c21
0.00176748471484586	-4.1415205498036	0	0.103	1	SMPD2	c21
0.00141564079008289	-4.14048054768168	0	0.106	1	TTI2	c21
0.00464577197710776	-4.14047687995648	0	0.086	1	ZC3H12A	c21
0.00162651713273871	-4.13985244815034	0	0.104	1	PHLDA2	c21
0.0102380048037753	-4.13983911346212	0	0.071	1	SLAMF6	c21
0.0742919361975899	-4.13973367678804	0	0.036	1	ITGA6	c21
0.00182968911711854	-4.13866461755292	0	0.102	1	DNAJC18	c21
0.000797498015425228	-4.13794322356434	0	0.116	1	SMIM20	c21
0.010516871539163	-4.13773136430656	0	0.071	1	LATS1	c21
0.00366089238491439	-4.13661925106478	0	0.09	1	ATXN3	c21
0.00413860686293008	-4.13593416437869	0	0.088	1	RTP4	c21
0.00510892179158479	-4.1352135597398	0	0.084	1	HIPK1	c21
0.0123552235273906	-4.13435666647763	0	0.068	1	C1RL	c21
0.00239429102042951	-4.13390617610806	0	0.097	1	KLHL22	c21
2.69933847623024e-23	-4.13359046663701	0.012	0.623	9.05304138158096e-19	HMGN1	c21
0.00474140654807036	-4.13300820771365	0	0.085	1	GK5	c21
0.000727637351333563	-4.13241001369024	0	0.118	1	RRP8	c21
0.00261799600023842	-4.13209169620561	0	0.096	1	GALK2	c21
0.000659084861248839	-4.13090954460746	0	0.12	1	MTX2	c21
0.00339607161882689	-4.13068925071243	0	0.091	1	MOB4	c21
0.000571971723873516	-4.13029708390366	0	0.122	1	MTFR2	c21
0.00127527383107832	-4.12909925288957	0	0.108	1	PKNOX1	c21
0.00376213326075744	-4.12849151711713	0	0.089	1	MMS19	c21
0.00251231163562536	-4.12842023187405	0	0.096	1	ABHD16A	c21
0.000510469711205259	-4.1279712330065	0	0.124	1	PRADC1	c21
6.85274761172948e-30	-4.12769082623624	0.035	0.748	2.29827449402183e-25	SRGN	c21
5.40116164233996e-26	-4.12767588035177	0.012	0.666	1.81144159160797e-21	PLP2	c21
0.00397293338952338	-4.12759493221948	0	0.088	1	GPAT4	c21
0.00205764065314409	-4.12644817535751	0	0.1	1	PCGF6	c21
0.0009115227142212	-4.12553482649839	0	0.114	1	OGFOD3	c21
0.00446015768264851	-4.12533771204243	0	0.086	1	ATF7IP2	c21
0.0045520347757555	-4.1253355397284	0	0.086	1	GSR	c21
2.82096716016412e-38	-4.12511041832004	0.186	0.908	9.46095966175844e-34	CD74	c21
0.00550443014680642	-4.12493342707253	0	0.082	1	JADE1	c21
0.0114761617369339	-4.12482197793205	0	0.069	1	SEC24B	c21
0.00175529461181235	-4.12377927213674	0	0.103	1	STK40	c21
0.00315007910003906	-4.12338945531764	0	0.092	1	NCOA1	c21
0.00119768667662107	-4.12329169181975	0	0.109	1	NDUFAF1	c21
0.0173876780655769	-4.12295850713399	0	0.062	1	ZNF431	c21
0.00319346540143569	-4.12278767887609	0	0.092	1	WDR26	c21
0.00252963057012617	-4.12270487181725	0	0.096	1	SCRN2	c21
0.000775332640645962	-4.12258569718441	0	0.117	1	PRMT5	c21
1.34505046884589e-13	-4.12020834235846	0.012	0.434	4.51103026241536e-09	HMGA1	c21
0.00127527383107832	-4.11897200270144	0	0.108	1	C2orf49	c21
3.46664928616474e-40	-4.11832509022887	0.081	0.878	1.16264483759393e-35	CFL1	c21
0.322656191749801	4.11603148050684	0.012	0.004	1	UCHL1	c21
0.604209433272058	4.11556658025159	0.012	0.007	1	ARPC1A	c21
0.00126641607768156	-4.11418702508484	0	0.108	1	ALKBH3	c21
0.00141564079205962	-4.11228905521104	0	0.106	1	TIMM29	c21
0.00136725058928301	-4.10991397853222	0	0.107	1	ESS2	c21
0.00442993901475947	-4.1096869419267	0	0.086	1	TGIF1	c21
3.10741000170607e-23	-4.10957897506188	0.023	0.636	1.04216316637218e-18	ANXA5	c21
0.000499679455139744	-4.10933356964508	0	0.124	1	JPT2	c21
0.00792800305684063	-4.1090942830475	0	0.076	1	NUP133	c21
6.06133811806885e-19	-4.10889649177444	0.023	0.562	2.03285157803793e-14	ITGB1	c21
0.000717434138704957	-4.10834178127337	0	0.118	1	MRPL39	c21
0.00363600312466045	-4.10833977846309	0	0.09	1	DDX20	c21
0.00288183401851556	-4.10785248988044	0	0.094	1	TBL1X	c21
0.016703156390071	-4.10739397769625	0	0.063	1	FCHSD2	c21
0.00204349430663421	-4.10735542196084	0	0.1	1	C11orf49	c21
0.0108760493330872	-4.10705797677056	0	0.07	1	TTC13	c21
0.00256462024360565	-4.1069514156808	0	0.096	1	IKZF4	c21
0.000517789178681487	-4.10545472079288	0	0.124	1	TIMM8A	c21
0.0013297066310101	-4.10488981507998	0	0.108	1	QTRT1	c21
0.00102693959269771	-4.10477908179091	0	0.112	1	YJU2	c21
0.00381377973760913	-4.10456940736299	0	0.089	1	BCL10	c21
3.3782700674287e-13	-4.10440339172464	0.012	0.424	1.13300421521424e-08	GSDMD	c21
0.00204349431148559	-4.10431265936332	0	0.1	1	RNF121	c21
0.00260008419549833	-4.10399198750341	0	0.096	1	NEDD1	c21
0.00239429102326194	-4.10356021456305	0	0.097	1	GRPEL2	c21
0.00215938615560127	-4.10322762644884	0	0.099	1	COX10	c21
0.00223506226252631	-4.10312579798335	0	0.098	1	C15orf39	c21
0.00613406262016809	-4.10260002531931	0	0.081	1	NAT9	c21
0.00378787005803845	-4.1023557827372	0	0.089	1	LTBP3	c21
0.00105610560311087	-4.10119221407752	0	0.111	1	RNF25	c21
0.0140336718708968	-4.10077670758762	0	0.066	1	WDR7	c21
0.00182968911784428	-4.10053800844052	0	0.102	1	CBWD2	c21
0.00164922255215186	-4.10004768780606	0	0.104	1	L3MBTL2	c21
3.42318912378836e-19	-4.0988441751861	0.012	0.551	1.14806916833614e-14	OTUB1	c21
0.00127527383184334	-4.09859833154178	0	0.108	1	PMS2	c21
0.00381377973686418	-4.09814164826501	0	0.089	1	SLC39A9	c21
1.6420334896185e-32	-4.09716645910402	0.07	0.785	5.50705191748251e-28	CHCHD2	c21
0.00171921593633158	-4.09682744734407	0	0.103	1	PDCD7	c21
1.89663376315517e-25	-4.0966470399778	0.023	0.675	6.36093031486981e-21	CMTM6	c21
0.00561742819901695	-4.09663550371617	0	0.082	1	FAM69A	c21
0.00848048110527314	-4.09626491382442	0	0.075	1	KLHL36	c21
0.00127527383235336	-4.09589660295825	0	0.108	1	PSAT1	c21
0.0147075390129813	-4.09574342540568	0	0.065	1	HEATR5B	c21
0.00234539016143365	-4.09441413155385	0	0.098	1	RIOK2	c21
0.00173116076315681	-4.09419652953873	0	0.103	1	CCDC22	c21
0.00162651713112159	-4.09411861233162	0	0.104	1	RAB28	c21
2.17263359121665e-19	-4.09408333109001	0.012	0.554	7.2865785382224e-15	CD44	c21
0.011476161723704	-4.09331506880962	0	0.069	1	BISPR	c21
0.815277883795571	4.09163273645795	0.012	0.009	1	FOXRED2	c21
0.00101977198020197	-4.09144678509027	0	0.112	1	NUDT16	c21
1.78842193005638e-28	-4.09116622178221	0.047	0.73	5.99800946902309e-24	SUB1	c21
0.0193528317869737	-4.08993849064072	0	0.06	1	LRMP	c21
0.0175044509949899	-4.08937082651477	0	0.062	1	DDX58	c21
0.00302336083984764	-4.08929587198771	0	0.093	1	ALG12	c21
0.0119476693960257	-4.08798891395736	0	0.069	1	TMEM135	c21
0.00356232800914948	-4.08796287468435	0	0.09	1	SLC35F6	c21
2.06995793538063e-39	-4.08763001301488	0.105	0.871	6.94222492367957e-35	RPL3	c21
0.0326191817139758	-4.0875743032398	0	0.05	1	IFIT3	c21
0.00422397055291517	-4.08708671037405	0	0.087	1	RHBDD3	c21
0.00634499404087922	-4.08464448835812	0	0.08	1	CEP135	c21
0.00593004263638469	-4.08425143938	0	0.081	1	NIFK-AS1	c21
0.000917946038426628	-4.0834500973132	0	0.114	1	PIR	c21
0.000732791954445479	-4.08330551069793	0	0.118	1	TSR3	c21
0.00288183402643978	-4.08324904807724	0	0.094	1	ALDH18A1	c21
1.05967372585968e-18	-4.0828181165436	0.012	0.542	3.5539337417882e-14	CYCS	c21
0.00901012690242312	-4.08252211658334	0	0.074	1	METTL4	c21
0.00180455435116145	-4.08189653342445	0	0.102	1	MXD3	c21
0.00353809690034419	-4.08184702775987	0	0.09	1	VAT1	c21
0.00989969195594295	-4.08164437080575	0	0.072	1	CEP170	c21
0.0010414228240482	-4.08161250541589	0	0.112	1	VDR	c21
0.003611280043627	-4.08145717835657	0	0.09	1	IP6K1	c21
0.00110910600149348	-4.08141944263699	0	0.111	1	SNX12	c21
0.00189403502463386	-4.08024950538292	0	0.101	1	KIAA0391	c21
0.00334998525729393	-4.07981244812136	0	0.091	1	WAC-AS1	c21
0.00332717282404328	-4.07966486947518	0	0.091	1	RNF139	c21
0.00337295118424132	-4.07958904281405	0	0.091	1	PMAIP1	c21
0.00152807121786775	-4.07914138823355	0	0.105	1	BAG3	c21
0.00270938541148717	-4.07774618076645	0	0.095	1	THAP3	c21
0.00221972208619087	-4.07712568219882	0	0.099	1	OCEL1	c21
0.0665024585614669	4.07689287806305	0.012	0.002	1	TTC34	c21
0.00272803507914774	-4.07678412171962	0	0.095	1	DHRS13	c21
0.0332816133037463	-4.07625982041209	0	0.05	1	PARP11	c21
0.00294167438267113	-4.07465875558773	0	0.094	1	HOXB4	c21
0.00181707919219261	-4.07392197688262	0	0.102	1	TBL3	c21
0.00416687135529246	-4.07368725934615	0	0.087	1	USF1	c21
0.0071652450961445	-4.07285988722602	0	0.078	1	TRAPPC8	c21
0.00180455435116145	-4.06992326383321	0	0.102	1	RFT1	c21
0.00154943128118521	-4.0698258509733	0	0.105	1	BTBD10	c21
0.00104142282383895	-4.06941361671097	0	0.112	1	AAED1	c21
0.0069274513625034	-4.06906488916605	0	0.078	1	MCPH1	c21
0.0130361718015362	-4.06886725425826	0	0.067	1	ZMAT3	c21
0.00198785526364718	-4.06780130818238	0	0.1	1	MMD	c21
0.00286215381324879	-4.06774640998673	0	0.094	1	CUL3	c21
0.00888967298925444	-4.06706684362701	0	0.074	1	MAU2	c21
0.00344278013812754	-4.06648281775451	0	0.091	1	PQLC3	c21
0.00605163801233478	-4.06607767066267	0	0.081	1	PUS7L	c21
0.0058900481040617	-4.06531677770245	0	0.081	1	PARN	c21
0.00196059480041192	-4.06451464520784	0	0.101	1	GPATCH11	c21
0.00458307200326155	-4.06416223528032	0	0.086	1	MINPP1	c21
0.00464577198343707	-4.06267473002759	0	0.086	1	TRIM37	c21
0.00643135360519415	-4.06249568630217	0	0.08	1	YTHDF3	c21
0.00358672203252785	-4.0615596174287	0	0.09	1	SNRPN	c21
0.00402742064757385	-4.05985187716259	0	0.088	1	WDR48	c21
0.00366089237847362	-4.05834449042313	0	0.09	1	ING3	c21
0.00306503437943384	-4.05777400054743	0	0.093	1	DTX2	c21
2.4488827585529e-17	-4.05737172333783	0.012	0.515	8.21306299563473e-13	MRPL57	c21
0.00127527383235336	-4.05584330946093	0	0.108	1	RCC1L	c21
0.00497214731448707	-4.05471015026161	0	0.084	1	VRK2	c21
0.00214455499062167	-4.05419856575732	0	0.099	1	CAVIN3	c21
0.00358672203042359	-4.05413547383663	0	0.09	1	LINC02001	c21
0.00474140654530295	-4.0540638169504	0	0.085	1	COG2	c21
0.00339607161949172	-4.05364243671885	0	0.091	1	RARA	c21
0.00103415643127172	-4.0532180891065	0	0.112	1	PCGF1	c21
0.00510892179555552	-4.05313428345196	0	0.084	1	EHD4	c21
0.011097358653823	-4.05287186753256	0	0.07	1	NAA25	c21
0.000861692717770394	-4.05262415860975	0	0.115	1	SWI5	c21
0.114682383176723	-4.05256689637202	0	0.028	1	CD40	c21
0.00137679738373096	-4.05210619009474	0	0.107	1	ARHGEF39	c21
0.00625977740554814	-4.05209811707357	0	0.08	1	FASTKD1	c21
4.63533568448397e-16	-4.05186036130852	0.012	0.488	1.55459888186223e-11	PLIN2	c21
0.00192038913298193	-4.05076345410101	0	0.101	1	VIM-AS1	c21
0.012691168031252	-4.04989823814494	0	0.068	1	BCAS4	c21
0.00532105216051626	-4.04944170346861	0	0.083	1	SMYD3	c21
0.0100336688277041	-4.04845580765955	0	0.072	1	TMEM80	c21
0.0201455871484684	-4.04783959978966	0	0.059	1	DMXL1	c21
0.0030650343764276	-4.04774104967469	0	0.093	1	PDE12	c21
0.00215938615688136	-4.04771307376322	0	0.099	1	OAT	c21
3.83237135223991e-27	-4.04715541376423	0.012	0.683	1.28530070411422e-22	REEP5	c21
9.12751281845252e-18	-4.04565400383057	0.012	0.524	3.06118524905261e-13	VDAC2	c21
1.42855342391198e-37	-4.04544979252901	0.081	0.85	4.79108247311599e-33	RPS9	c21
0.00647496673509413	-4.04423792094631	0	0.08	1	MCCC1	c21
0.00330451287839999	-4.04415550797186	0	0.092	1	TRMT61B	c21
3.92992901664681e-15	-4.04406923676959	0.023	0.484	1.31801959360301e-10	AQP3	c21
0.00504007812193309	-4.04387097988041	0	0.084	1	TBCD	c21
4.15939010431376e-15	-4.04347668928819	0.012	0.468	1.39497625318475e-10	FDFT1	c21
0.00455203478107309	-4.04230698400383	0	0.086	1	USP38	c21
0.0118677724022554	-4.04058522651509	0	0.069	1	SLC9A9	c21
0.00131131462638215	-4.04044564368986	0	0.108	1	DEPDC1	c21
0.00449057897092662	-4.04028976771498	0	0.086	1	RBBP5	c21
0.00325964640557147	-4.03987088688045	0	0.092	1	SERTAD3	c21
0.00848048111508401	-4.03909819769582	0	0.075	1	KDM3A	c21
0.00439992162056321	-4.03869780762876	0	0.086	1	GPATCH3	c21
0.00351402761441705	-4.03841848410433	0	0.09	1	RNF170	c21
0.00894969968185567	-4.03701329903074	0	0.074	1	WWP1	c21
0.00925589486989742	-4.03512076446041	0	0.073	1	FNIP1	c21
0.0163710259092092	-4.03500114062184	0	0.063	1	NF1	c21
0.00425280779479055	-4.03405179832704	0	0.087	1	RAD9A	c21
1.22597859579087e-14	-4.03373766562409	0.012	0.457	4.1116870145634e-10	TCF25	c21
0.00439992161970604	-4.03352256307988	0	0.086	1	INSIG2	c21
0.0305055470728654	-4.03275047848645	0	0.052	1	IFI44L	c21
0.0103070276667366	-4.03264774248684	0	0.071	1	IPO8	c21
0.00402742064993147	-4.03185296781707	0	0.088	1	KIAA1586	c21
0.00550443014467003	-4.03123075124277	0	0.082	1	CD2AP	c21
0.00276571279532529	-4.03092427707384	0	0.095	1	SH3GL1	c21
0.00323743790104867	-4.03091298141198	0	0.092	1	DNAJC11	c21
4.6529498570734e-32	-4.03054748496562	0.058	0.787	1.56050632306528e-27	S100A11	c21
0.00517869045073222	-4.02938915016293	0	0.084	1	ITPR3	c21
0.00565559934085295	-4.02809553764568	0	0.082	1	ESCO1	c21
1.50436555860824e-19	-4.02808967140875	0.012	0.558	5.04534121046032e-15	NDUFA1	c21
0.00163783133830603	-4.02757997271563	0	0.104	1	KLHL7	c21
0.00185516650039279	-4.02671506745895	0	0.102	1	C8orf76	c21
0.00688083508305792	-4.02662495528194	0	0.079	1	MR1	c21
0.00371117381828579	-4.02659368535981	0	0.09	1	FBXL3	c21
0.00546726369890064	-4.02567918885259	0	0.083	1	SETDB1	c21
0.00539367031295048	-4.024997055544	0	0.083	1	TMEM39A	c21
0.00123158271717749	-4.02456406055951	0	0.109	1	PARPBP	c21
0.0249553340849788	-4.02346693026381	0	0.055	1	IPCEF1	c21
0.00337295118093932	-4.02275453146965	0	0.091	1	E2F8	c21
0.00237788074436114	-4.02206481563266	0	0.097	1	THG1L	c21
0.0143186316245192	-4.02162136255641	0	0.065	1	RALGAPB	c21
0.351255087587502	4.02162022633605	0.012	0.005	1	EVI5L	c21
0.00402742064835972	-4.02131552128184	0	0.088	1	WIPF2	c21
0.00157108338225573	-4.02055006927981	0	0.105	1	CDC23	c21
2.98461572922301e-13	-4.01992792927578	0.012	0.426	1.00098042326681e-08	LSM10	c21
0.00452120421785049	-4.01966069363016	0	0.086	1	SUFU	c21
0.00267246032725838	-4.01939838144245	0	0.095	1	RMI2	c21
0.00125761848556697	-4.01738812783883	0	0.108	1	SDHD	c21
0.00157108338037984	-4.01584902889612	0	0.105	1	ZNF688	c21
0.00585031924604234	-4.01575627331363	0	0.081	1	SELENOI	c21
0.00288183402191165	-4.01574465493027	0	0.094	1	HIST1H2BJ	c21
0.00458307201307576	-4.01528746907943	0	0.086	1	ANKRD26	c21
0.00140583062609396	-4.01527493576313	0	0.107	1	DNAJC30	c21
0.0037365682257683	-4.01486868469953	0	0.089	1	FAM3A	c21
0.00302336084044087	-4.01480458203919	0	0.093	1	MIB2	c21
0.0026360287487809	-4.01409596786628	0	0.096	1	AKT1	c21
0.00983336871994257	-4.01371110051395	0	0.072	1	PRMT9	c21
0.00168386336778082	-4.01340065082515	0	0.103	1	KATNB1	c21
0.0063449940347367	-4.01316697901231	0	0.08	1	MAP4K5	c21
1.94144578844064e-45	-4.01272377192479	0.128	0.955	6.5112208852722e-41	HLA-A	c21
0.00554184527599256	-4.01271124922854	0	0.082	1	UBE3B	c21
0.000867772821537246	-4.01266032069847	0	0.115	1	AIFM2	c21
0.00532105216051626	-4.0119936675428	0	0.083	1	KIF3B	c21
0.0056555993364648	-4.0113007456265	0	0.082	1	CEP152	c21
0.008423564874564	-4.01085913146331	0	0.075	1	ATG7	c21
0.00214455499062167	-4.01066709595505	0	0.099	1	ASPSCR1	c21
0.00605163800529933	-4.01053898931991	0	0.081	1	SMYD4	c21
0.00274681059198271	-4.00960009740063	0	0.095	1	MTG2	c21
0.00500599937244325	-4.00934921960449	0	0.084	1	PSME4	c21
0.00366089238348311	-4.00915667614431	0	0.09	1	FAM173B	c21
0.0045520347757555	-4.00855404683269	0	0.086	1	UPF1	c21
0.00877081066704565	-4.00779060616333	0	0.074	1	SMARCAD1	c21
0.0051786904477142	-4.00768532417455	0	0.084	1	PRMT3	c21
0.00504007812976938	-4.00718195790976	0	0.084	1	ELMO2	c21
0.00716524510445318	-4.00687067260735	0	0.078	1	PLA2G12A	c21
0.00174318681071598	-4.00655451230074	0	0.103	1	ZNF576	c21
0.00249510893398169	-4.00622191335867	0	0.097	1	FAM122B	c21
0.00736126131701447	-4.00547674334545	0	0.077	1	SLC25A25	c21
0.0116312451166215	-4.00534832528708	0	0.069	1	FAR1	c21
0.00368594891031414	-4.00513561699837	0	0.09	1	CREBL2	c21
0.0014156407898005	-4.00505203193348	0	0.106	1	CHAF1B	c21
0.0311247282759717	-4.00473020088052	0	0.051	1	EGFL6	c21
0.00182968911748141	-4.00443433502775	0	0.102	1	STX18	c21
0.00702162013500392	-4.00382140313606	0	0.078	1	TBC1D15	c21
1.46338634666276e-17	-4.00347695142972	0.012	0.519	4.90790512943757e-13	SELENOF	c21
0.000563905565635061	-4.00295751558402	0	0.122	1	MRPS24	c21
0.00467743749701036	-4.00283560306626	0	0.085	1	TEFM	c21
0.00746124378489205	-4.002516349565	0	0.077	1	ADGRG1	c21
0.00288183402417572	-4.00086242897336	0	0.094	1	RAD54L	c21
0.0165917075807972	-4.00060134253059	0	0.063	1	MX2	c21
6.99074433116673e-21	-3.99902590790502	0.012	0.582	2.3445558337867e-16	UFC1	c21
0.0137543455316218	-3.9989288260224	0	0.066	1	PIGM	c21
0.00282318798631151	-3.99785361406866	0	0.094	1	PNMA1	c21
8.45728376319033e-25	-3.99700264891049	0.012	0.648	2.83640382849877e-20	CALM3	c21
0.00389255766581253	-3.99690000790448	0	0.089	1	TMEM156	c21
0.00124020220203435	-3.99632270909841	0	0.109	1	AP5S1	c21
0.0041953254929053	-3.99450380134695	0	0.087	1	PRRC1	c21
0.00356232800914948	-3.99424607480614	0	0.09	1	FAM98C	c21
0.00242744520210824	-3.99412542972738	0	0.097	1	FAM174A	c21
0.00242744520450059	-3.99412094419823	0	0.097	1	COQ2	c21
0.016815350480238	-3.99385926849804	0	0.062	1	SGSH	c21
0.0121905736356794	-3.99328443670667	0	0.068	1	SBNO2	c21
0.0080899048293644	-3.9926902462182	0	0.076	1	PIGK	c21
0.00185516649965718	-3.99225254868449	0	0.102	1	ZFAND2A	c21
0.00202944323286561	-3.99172943695712	0	0.1	1	STRADB	c21
0.0231845642344896	-3.99099831979682	0	0.057	1	MBNL2	c21
0.00569402581620668	-3.99098730150529	0	0.082	1	ARFIP1	c21
0.00439992161884886	-3.99083841021585	0	0.086	1	CRNKL1	c21
0.00543034429398054	-3.99077477801206	0	0.083	1	MMGT1	c21
0.00480623574003208	-3.99072031285743	0	0.085	1	RUFY1	c21
0.00349011910543914	-3.98734009676035	0	0.091	1	CNOT10	c21
0.00692745136518238	-3.98706175122064	0	0.078	1	SLCO3A1	c21
0.00373656822211756	-3.98650758826784	0	0.089	1	FUT11	c21
0.0032820044053249	-3.98565042836304	0	0.092	1	NUP188	c21
0.00630224380273127	-3.98503246528383	0	0.08	1	SP1	c21
0.0105877549303644	-3.98450912374507	0	0.071	1	DENND4A	c21
0.00361128003444735	-3.98385977819596	0	0.09	1	COQ6	c21
0.00589004810862875	-3.98366232715793	0	0.081	1	DGCR8	c21
0.00292159342402009	-3.98359115948862	0	0.094	1	GPR180	c21
3.78018159599783e-16	-3.98347608987388	0.012	0.49	1.26779730366575e-11	HNRNPM	c21
9.59606990564996e-09	-3.98346274560574	0.012	0.306	0.000321832992495688	IL10RA	c21
0.00402742064914559	-3.9832369421198	0	0.088	1	RIOX1	c21
0.0063022437966295	-3.98249281346999	0	0.08	1	SEC24A	c21
0.00138640936156279	-3.98206758097251	0	0.107	1	CENPP	c21
0.00208622165494161	-3.981917795486	0	0.1	1	SPDL1	c21
0.00321537788892006	-3.98075243150846	0	0.092	1	UBL7-AS1	c21
0.00164922254887349	-3.97962528539744	0	0.104	1	PRC1	c21
0.0173876780788991	-3.97955455469344	0	0.062	1	VPS8	c21
0.00286215381043764	-3.979277341525	0	0.094	1	PRPF18	c21
0.00422397055209166	-3.97847737152137	0	0.087	1	ZBTB2	c21
0.00278474253424854	-3.97792252553961	0	0.095	1	VAMP3	c21
0.00146570483736991	-3.97657254853883	0	0.106	1	PEX19	c21
0.00212982361582387	-3.97652823894322	0	0.099	1	SLC29A1	c21
8.23807827369703e-19	-3.97568354324119	0.012	0.544	2.76288669143251e-14	LSM4	c21
0.00160411768514643	-3.97483260596004	0	0.104	1	CHP1	c21
0.0197452384921687	-3.97351274465916	0	0.06	1	SLC9A8	c21
0.00983336871805001	-3.97232878024787	0	0.072	1	IGSF8	c21
0.0030441276514882	-3.97180642915428	0	0.093	1	NME7	c21
0.0154135549433632	-3.97164784248768	0	0.064	1	TRAPPC9	c21
0.00931836518602954	-3.97154855131008	0	0.073	1	MRI1	c21
0.00294167438440371	-3.97073116288337	0	0.094	1	GMFB	c21
0.00660756256709953	-3.97040196629054	0	0.079	1	NUP43	c21
0.00617568866253525	-3.97020695478094	0	0.08	1	CSGALNACT2	c21
0.00416687135447989	-3.96980921523124	0	0.087	1	FASTKD5	c21
0.0113993901483863	-3.96979973872954	0	0.069	1	USP24	c21
0.00458307200772255	-3.96968313654841	0	0.086	1	YBEY	c21
0.00419532549045123	-3.96967660360991	0	0.087	1	PRKCD	c21
2.03952412114532e-26	-3.96857146101608	0.023	0.689	6.84015599749717e-22	COX7A2	c21
0.0067428341488951	-3.96710017164778	0	0.079	1	CEPT1	c21
1.37895623568867e-30	-3.96705587542719	0.023	0.75	4.62474342325267e-26	SARAF	c21
0.0034193475923009	-3.96676261880059	0	0.091	1	PIP4K2A	c21
0.00148621178608536	-3.96471118091195	0	0.106	1	SAAL1	c21
0.0035380968934233	-3.96424052911405	0	0.09	1	IL10RB	c21
0.00189403502125581	-3.96404523605856	0	0.101	1	RNF26	c21
0.00276571280021827	-3.9634077844251	0	0.095	1	EXOC3	c21
0.00256462024310073	-3.96321028589584	0	0.096	1	ASH2L	c21
6.53192274787184e-39	-3.96316732202658	0.14	0.871	2.19067625118126e-34	RPL32	c21
5.59014507278545e-17	-3.96303567399068	0.012	0.508	1.87482285451078e-12	HCST	c21
0.00792800307673065	-3.96302515535669	0	0.076	1	SSBP2	c21
0.0010414228223742	-3.96287970706736	0	0.112	1	C4orf46	c21
0.00836702599552036	-3.96141490740028	0	0.075	1	TOM1	c21
0.00510892178860673	-3.96074014582862	0	0.084	1	AP2A2	c21
0.00446015768004242	-3.96053290637806	0	0.086	1	SLC25A40	c21
1.16401232409268e-33	-3.96029470843655	0.058	0.807	3.90386453254203e-29	RPL36	c21
6.65829452252729e-15	-3.95896111831969	0.012	0.464	2.2330588169652e-10	SNRNP70	c21
0.0067428341488951	-3.9587101725839	0	0.079	1	TXLNG	c21
0.00605163800412676	-3.95700668989861	0	0.081	1	CHPF2	c21
2.72806248847126e-17	-3.95639281564201	0.012	0.514	9.1493759738349e-13	TRAC	c21
7.99371339789122e-22	-3.95519515235456	0.035	0.626	2.68093159938476e-17	STMN1	c21
0.00819964846427366	-3.95480292025334	0	0.075	1	MFSD6	c21
0.00651887130827099	-3.95473043118392	0	0.079	1	LARP4B	c21
0.0132121473498416	-3.95465114230126	0	0.067	1	KAT6B	c21
6.92157129217371e-31	-3.95449596757843	0.058	0.767	2.32135657996922e-26	SUMO2	c21
0.00500599937633536	-3.95428114695692	0	0.084	1	PDCD1	c21
0.00332717282925616	-3.9531460249944	0	0.091	1	SORBS3	c21
0.00142551790461134	-3.95266767967713	0	0.106	1	KCMF1	c21
0.00215938615517457	-3.95189775983097	0	0.099	1	SLC25A51	c21
0.00321537788955021	-3.95121217582352	0	0.092	1	ARMC7	c21
0.0198777976270953	-3.9497370993674	0	0.059	1	AMMECR1	c21
0.00877081066366488	-3.94967261146009	0	0.074	1	CDC37L1	c21
0.00282318798853043	-3.94953208599542	0	0.094	1	NAA80	c21
0.0179794088084892	-3.94890089934501	0	0.061	1	FAM53B	c21
0.00842356488106125	-3.94785721295865	0	0.075	1	SKAP2	c21
0.00625977740191138	-3.9477153786038	0	0.08	1	SNRNP48	c21
0.00741108620582207	-3.9475303114182	0	0.077	1	MSH3	c21
0.00483897646307513	-3.94744928245872	0	0.085	1	GPS2	c21
0.00859545561002829	-3.94665244217149	0	0.075	1	TMEM181	c21
0.00539367031399753	-3.94664171917748	0	0.083	1	PEX14	c21
0.00877081066704565	-3.94620365451725	0	0.074	1	PPP1R21	c21
0.00455203477221043	-3.94591297622168	0	0.086	1	C12orf76	c21
0.00110910600327359	-3.94574476872818	0	0.111	1	CENPV	c21
0.00787474993719189	-3.94441741540345	0	0.076	1	MTMR4	c21
0.0398903026203574	-3.94433542447252	0	0.047	1	ZNF493	c21
0.00341934759564742	-3.94352905796656	0	0.091	1	SFXN2	c21
0.00651887130827099	-3.94313161381793	0	0.079	1	SLC35B4	c21
6.29210575397868e-37	-3.94260110563752	0.07	0.851	2.11024642776937e-32	FAU	c21
9.09200305380691e-39	-3.94207381377827	0.093	0.867	3.04927598418576e-34	RPL14	c21
0.00334998526188585	-3.94114193435928	0	0.091	1	BLVRB	c21
0.0102380047998364	-3.94061471014789	0	0.071	1	PTAR1	c21
0.0216841558014403	-3.94038769976528	0	0.058	1	ZNF91	c21
0.0113231274153295	-3.93999980810681	0	0.07	1	AGTPBP1	c21
0.0083670259939068	-3.93930490969417	0	0.075	1	MINDY3	c21
0.00711705108175212	-3.93903630979982	0	0.078	1	E4F1	c21
0.00497214731255396	-3.93856010588034	0	0.084	1	ZNF32	c21
0.0061340626189798	-3.93652702597318	0	0.081	1	FANCF	c21
0.00449057897442466	-3.93639185690197	0	0.086	1	BSCL2	c21
3.84772938294555e-21	-3.93625162857807	0.023	0.602	1.29045148045228e-16	ITGA4	c21
0.00170735178038904	-3.93545452949669	0	0.103	1	CLPB	c21
0.00474140654161308	-3.93528613678078	0	0.085	1	SLC41A3	c21
0.0040549389100203	-3.93522400765506	0	0.088	1	ZNF444	c21
0.00776930074981095	-3.93448000925358	0	0.076	1	ALG6	c21
0.00449057897180114	-3.93417852871552	0	0.086	1	A1BG	c21
0.00913219368880903	-3.93375854488358	0	0.073	1	SLC35F5	c21
0.00265418325590366	-3.93287097764424	0	0.095	1	ALKBH4	c21
0.00201548677796495	-3.93231495298864	0	0.1	1	GGCX	c21
0.0114761617369339	-3.93177946807793	0	0.069	1	GABARAPL1	c21
0.00483897646025179	-3.93171828463476	0	0.085	1	CSRNP1	c21
4.05595990333278e-31	-3.93133357576284	0.035	0.767	1.36028783237975e-26	ARPC3	c21
0.00656306927027665	-3.9311963882822	0	0.079	1	EDC4	c21
0.00736126131843658	-3.93114536874644	0	0.077	1	DLGAP1-AS1	c21
7.37689661469714e-33	-3.9308780490378	0.058	0.796	2.47406358663713e-28	H3F3A	c21
0.027042096904812	-3.93063891458223	0	0.054	1	RIN3	c21
0.00337295118688291	-3.93047067208053	0	0.091	1	ALKBH5	c21
0.00298224328102551	-3.93040349168085	0	0.093	1	MAPK8	c21
0.00617568866971262	-3.9300203219858	0	0.08	1	EFL1	c21
0.00389255766733262	-3.92991618755748	0	0.089	1	RMND1	c21
0.00569402581399795	-3.92928320994809	0	0.082	1	XPO7	c21
0.00467743749245916	-3.9278987645989	0	0.085	1	SIN3B	c21
0.00517869045274425	-3.92771712293169	0	0.084	1	ZHX1	c21
0.003562328007756	-3.92739043015163	0	0.09	1	LRRC45	c21
0.00218935052096307	-3.92707141088911	0	0.099	1	CASP9	c21
0.0115534455764187	-3.9268231236893	0	0.069	1	TRIM13	c21
0.012776560195391	-3.92649430167716	0	0.067	1	ATF7	c21
0.0149059111431245	-3.92619165602451	0	0.065	1	HAUS3	c21
6.97270106492078e-20	-3.92607302425706	0.023	0.58	2.33850448315313e-15	IFITM2	c21
0.0060108358139151	-3.92550629846108	0	0.081	1	TRPS1	c21
0.00220448506783936	-3.92498208418399	0	0.099	1	TP53	c21
0.000886265668946609	-3.92456895608327	0	0.115	1	NUDT15	c21
7.33010593108255e-25	-3.92401544060631	0.012	0.649	2.45837092716646e-20	TRMT112	c21
0.00428183849288075	-3.92381784615912	0	0.087	1	HSPA1B	c21
0.00507438510432494	-3.92266869894628	0	0.084	1	SLC7A1	c21
0.00208622165782945	-3.92170376866643	0	0.1	1	RABEPK	c21
0.0119476694143832	-3.92124239248178	0	0.069	1	RLIM	c21
0.00692745136920082	-3.92081824433921	0	0.078	1	ACOX1	c21
0.00836702598422548	-3.92074106946268	0	0.075	1	DDHD2	c21
0.0182216823542263	-3.92055135524541	0	0.061	1	ZNF821	c21
0.00963702481524683	-3.92013523123747	0	0.072	1	BEX3	c21
0.00470931520707064	-3.91959452463646	0	0.085	1	RNF24	c21
0.00901012690763087	-3.91951359859812	0	0.074	1	EYA3	c21
0.00577165159448392	-3.91919422208702	0	0.082	1	UMAD1	c21
0.0198777976270953	-3.91916750357557	0	0.059	1	MANBA	c21
0.0172716812096029	-3.91888866746301	0	0.062	1	LMBRD2	c21
0.0112473701457529	-3.91874021068396	0	0.07	1	AC118549.1	c21
0.00497214731448707	-3.91864157856984	0	0.084	1	WDR41	c21
0.00913219368880903	-3.91826350775261	0	0.073	1	SNX27	c21
2.3412069812454e-41	-3.91721260271044	0.337	0.926	7.85193997370083e-37	S100A4	c21
0.00231333470077297	-3.91691871970473	0	0.098	1	TMEM97	c21
0.0030650343764276	-3.91657070497276	0	0.093	1	AP002387.2	c21
0.00389255767189288	-3.91584239363496	0	0.089	1	MPI	c21
4.13766833324077e-39	-3.91434535316653	0.128	0.871	1.38769120560229e-34	RPS23	c21
0.00247802170477325	-3.91356510767059	0	0.097	1	RAB30-AS1	c21
0.00413860686696591	-3.9132683989771	0	0.088	1	SMIM7	c21
0.00877081065690333	-3.91324538728401	0	0.074	1	TOP3A	c21
0.0547420286232997	-3.91216233319882	0	0.041	1	IFNGR2	c21
0.00302336084222059	-3.91177174945893	0	0.093	1	RNF2	c21
0.00386612238857137	-3.90970913999962	0	0.089	1	PMM2	c21
0.00317169945955331	-3.90940926116774	0	0.092	1	SHLD1	c21
0.00212982361582387	-3.90819972041895	0	0.099	1	PXMP4	c21
0.00746124378200975	-3.90800525257743	0	0.077	1	SCAP	c21
0.00167223804582926	-3.90787463465794	0	0.104	1	DSCC1	c21
0.00944455904060575	-3.90663630096734	0	0.073	1	LRCH1	c21
7.25025369521075e-17	-3.90650434595777	0.012	0.505	2.43159008429978e-12	TRBC2	c21
0.23086351594755	-3.90615569316699	0	0.016	1	TRBV2	c21
1.09969457108457e-19	-3.90521188261621	0.012	0.56	3.68815565250344e-15	CIB1	c21
0.00883004419472764	-3.90416424741641	0	0.074	1	MAN2B2	c21
0.00528510478223606	-3.90398074046182	0	0.083	1	ZDHHC18	c21
0.239774936518949	-3.90373626817933	0	0.016	1	TRBV7-3	c21
0.00589004810520346	-3.90340056931036	0	0.081	1	HINFP	c21
0.00425280778732933	-3.90335556759454	0	0.087	1	CLPTM1L	c21
0.00346637029458764	-3.90303946206097	0	0.091	1	CHPT1	c21
0.00601083580692633	-3.90212560964385	0	0.081	1	RBM4	c21
0.00504007813074891	-3.90180465417464	0	0.084	1	AEN	c21
0.00771710002528233	-3.90173013144499	0	0.076	1	UBXN11	c21
0.026682521540538	-3.90111498054514	0	0.054	1	FBLN7	c21
0.0227238500086061	-3.90108903311269	0	0.057	1	SELENOM	c21
0.0189682072871947	-3.90083420094687	0	0.06	1	LRRC8D	c21
0.00546726369890064	-3.89867064825957	0	0.083	1	POLL	c21
0.0157263551788314	-3.89855737810963	0	0.064	1	ARRDC2	c21
0.0193528317721517	-3.89847727798023	0	0.06	1	ZBTB16	c21
1.16889850983591e-41	-3.89843107501974	0.186	0.897	3.92025182228767e-37	RPS4X	c21
0.00597030460991782	-3.89805262679069	0	0.081	1	GTSF1	c21
0.00422397055126816	-3.89741914344073	0	0.087	1	SIAH2	c21
0.00251231163760472	-3.89603036159596	0	0.096	1	SMUG1	c21
0.00205764065436515	-3.89585461433796	0	0.1	1	ATAD3B	c21
0.00557951074322762	-3.89519805075982	0	0.082	1	ZNF720	c21
7.43829257629377e-40	-3.89496840763031	0.128	0.879	2.4946545642374e-35	RPL7A	c21
0.012109066434668	-3.89467455138114	0	0.068	1	IFIT5	c21
0.00325964640876468	-3.89438901425984	0	0.092	1	RNF220	c21
0.00419532549781343	-3.89327300724655	0	0.087	1	NIPSNAP1	c21
0.00605163800881706	-3.89224259952371	0	0.081	1	ANAPC2	c21
0.0209707667722552	-3.8922099303792	0	0.058	1	SNX29	c21
0.0176220052294687	-3.89192913408997	0	0.062	1	JAZF1	c21
0.0360699940485875	-3.88991953789179	0	0.049	1	GPCPD1	c21
0.00391917046907795	-3.88928701029832	0	0.089	1	YIPF1	c21
0.0315445329340076	-3.88923790713129	0	0.051	1	KLF12	c21
0.0042818384953845	-3.88821677980581	0	0.087	1	TM7SF2	c21
0.0134805405972894	-3.88779857624027	0	0.066	1	TMEM206	c21
0.379597731395923	3.88726407502551	0.012	0.005	1	ZNF653	c21
0.0252915602520756	-3.88725974312354	0	0.055	1	MED23	c21
0.00268771752987433	3.8870404924679	0.012	0.001	1	MYO16	c21
0.0657263464082423	-3.88650718613475	0	0.038	1	GPR155	c21
0.00323743789597366	-3.88565390441323	0	0.092	1	ZNRF1	c21
0.0194827615144364	-3.88515828072501	0	0.06	1	TTN-AS1	c21
0.0098996919445121	-3.88373883303824	0	0.072	1	FBXW7	c21
0.0172716812096029	-3.88268101764548	0	0.062	1	NAPEPLD	c21
0.00601083580925592	-3.87999429714191	0	0.081	1	MCM8	c21
0.00836702599713391	-3.87993780377393	0	0.075	1	TRMT1L	c21
0.020011245161945	-3.87983613480858	0	0.059	1	CCDC66	c21
0.0161532659002392	-3.878068459096	0	0.063	1	CHM	c21
0.0227238499999062	-3.87691810309262	0	0.057	1	CBFA2T2	c21
0.00112472060191246	-3.87656149132793	0	0.11	1	GSTZ1	c21
0.0368032419102862	-3.87639556751735	0	0.048	1	GPR55	c21
0.0138468353457117	-3.8757210006848	0	0.066	1	POLR1A	c21
0.0110973586602218	-3.87454355015255	0	0.07	1	ANAPC4	c21
0.0360699940416673	-3.8735986412095	0	0.049	1	TRBV21-1	c21
0.00416687135610503	-3.87104417643317	0	0.087	1	PPP2R1B	c21
6.6025179374549e-15	-3.87086230280942	0.012	0.464	2.21435246586363e-10	SNRPA	c21
0.0141280269156321	-3.87037953164154	0	0.066	1	CYHR1	c21
0.0105168715472531	-3.86847570365335	0	0.071	1	PGGT1B	c21
0.00286215380650204	-3.86768065479651	0	0.094	1	LXN	c21
0.0679978181852876	-3.86744734064725	0	0.037	1	TRAV35	c21
0.00323743789977992	-3.86742393835373	0	0.092	1	WDR45B	c21
0.00883004419302598	-3.86717266785186	0	0.074	1	NAT10	c21
0.0128625223266184	-3.86582491668832	0	0.067	1	SKI	c21
0.00242744520450059	-3.8653347615285	0	0.097	1	PIGBOS1	c21
0.00581085432860924	-3.86381145059261	0	0.082	1	PEX13	c21
0.00439992161456301	-3.86367378326503	0	0.086	1	KCTD5	c21
0.00819964844845664	-3.86260614646243	0	0.075	1	SRFBP1	c21
0.00196059479769429	-3.86208722989029	0	0.101	1	NETO2	c21
0.00249510893840538	-3.86093485615672	0	0.097	1	NAA10	c21
0.0184672103366607	-3.85994752453778	0	0.061	1	CDK8	c21
0.00368594890527103	-3.85938626785796	0	0.09	1	SERGEF	c21
0.00865351896533444	-3.85919169693378	0	0.074	1	METTL14	c21
3.34370820546671e-24	-3.85876578097056	0.012	0.638	1.12141285794942e-19	TOMM7	c21
0.00467743748972843	-3.85870428483904	0	0.085	1	FAM122A	c21
0.0036112800358596	-3.85856793969022	0	0.09	1	HYAL3	c21
0.00446015767830504	-3.85806215859317	0	0.086	1	ALDH3A2	c21
0.00487193651884892	-3.85775447911391	0	0.085	1	ORC3	c21
0.00803557814238494	-3.85755232647756	0	0.076	1	FBXO34	c21
0.00625977740554814	-3.85541167383934	0	0.08	1	FAF1	c21
0.0272237050266895	-3.85529574333846	0	0.054	1	TLE4	c21
0.0055418452706159	-3.85493817674985	0	0.082	1	USP30-AS1	c21
1.25629759992806e-13	-3.8545023191112	0.012	0.435	4.21337089063873e-09	MRPL18	c21
0.0110973586623548	-3.85382174605885	0	0.07	1	DHRS1	c21
0.0222722966756134	-3.8537693169006	0	0.057	1	LYN	c21
0.0037878700513786	-3.8535893395838	0	0.089	1	BET1	c21
0.0133904802357063	-3.85303396472768	0	0.067	1	TTC31	c21
0.00339607162015656	-3.85299464577039	0	0.091	1	UEVLD	c21
6.76496784069094e-40	-3.85250888969069	0.128	0.881	2.26883491441093e-35	RPS27A	c21
0.00439992161884886	-3.8524638564225	0	0.086	1	RPE	c21
0.026682521545647	-3.85019496641879	0	0.054	1	TNKS	c21
0.277609189654283	-3.85000949072887	0	0.014	1	TRBV27	c21
1.24236011357859e-40	-3.84877172211145	0.151	0.891	4.16662734891988e-36	RPS8	c21
0.00312860336345722	-3.84736585441295	0	0.093	1	ITGB3BP	c21
0.00504007812878984	-3.84678019659067	0	0.084	1	KIF5C	c21
0.00202944322603905	-3.84635280751595	0	0.1	1	SRD5A3	c21
0.00306503437763009	-3.8462953612359	0	0.093	1	ACOT2	c21
0.00573270932838855	-3.84607372395833	0	0.082	1	EDC3	c21
0.13102605287716	-3.84495429124171	0	0.026	1	TRAV26-1	c21
0.0105877549344364	-3.84410942929989	0	0.071	1	HIST1H2AE	c21
0.00196059479691783	-3.84399923570673	0	0.101	1	BOLA1	c21
0.00234539015726995	-3.84364342666635	0	0.098	1	PSENEN	c21
0.00963702481339167	-3.84353091596791	0	0.072	1	LHPP	c21
0.00300273302336114	-3.84343478821061	0	0.093	1	UBE2Q1	c21
8.88760252973739e-14	-3.84333620568607	0.012	0.438	2.98072413642333e-09	MANF	c21
0.00736126132696922	-3.84272435062445	0	0.077	1	USP37	c21
0.00349011909656163	-3.84252958310154	0	0.091	1	SMOX	c21
0.00660756257221369	-3.84012914729063	0	0.079	1	BLZF1	c21
0.0444192039090396	-3.83939006863803	0	0.045	1	IL9R	c21
2.32712488695622e-23	-3.8387133618879	0.023	0.639	7.80471144587378e-19	JPT1	c21
0.00159303143701205	-3.83851282002021	0	0.104	1	C17orf58	c21
0.00836702599552036	-3.83816109790469	0	0.075	1	ADNP	c21
0.00983336872183508	-3.83810417302724	0	0.072	1	PRKAB1	c21
0.0111721150202733	-3.83806036086153	0	0.07	1	CAMKMT	c21
0.00361128004221474	-3.83796113924344	0	0.09	1	CENPO	c21
0.00819964846269196	-3.83785146150188	0	0.075	1	NXPE3	c21
0.00532105215844989	-3.83724119551659	0	0.083	1	CENPB	c21
0.00517869045777429	-3.83706747214111	0	0.084	1	PROSER1	c21
0.00474140654069061	-3.83607326507869	0	0.085	1	LACTB2	c21
0.00237788074295443	-3.83602767415363	0	0.097	1	RTL8A	c21
0.0147075390101614	-3.83549420766713	0	0.065	1	GEN1	c21
0.00625977740312363	-3.83538101773736	0	0.08	1	KCTD10	c21
0.00153871498860261	-3.83424192058636	0	0.105	1	PDRG1	c21
0.00346637029662262	-3.83383184529703	0	0.091	1	KIF1BP	c21
0.00363600312679306	-3.8334153872587	0	0.09	1	RIT1	c21
0.0222722966756134	-3.83315615799652	0	0.057	1	MIR181A1HG	c21
1.67575960687889e-09	-3.83243527574108	0.012	0.328	5.62016256955043e-05	DPP4	c21
0.0110973586666207	-3.83236585547906	0	0.07	1	ZNF664	c21
0.00408264188304301	-3.83191939840036	0	0.088	1	SMARCD2	c21
0.0113231274109778	-3.83115099394058	0	0.07	1	CEP128	c21
1.27540292406475e-36	-3.83044447518177	0.174	0.869	4.27744632672835e-32	IL32	c21
5.18513168039758e-36	-3.82974256396689	0.105	0.841	1.73898946297174e-31	RPS15A	c21
3.12681961040541e-11	-3.82974167372899	0.012	0.375	1.04867276093777e-06	SLC38A1	c21
0.00411053079235835	-3.82933674373403	0	0.088	1	BPNT1	c21
0.00554184527706789	-3.82928968337726	0	0.082	1	ALAD	c21
0.0171564551789103	-3.82886590376611	0	0.062	1	AIRE	c21
0.00613406262373296	-3.82873860178112	0	0.081	1	TMPRSS3	c21
0.0249553340563141	-3.8282046283672	0	0.055	1	SLC25A45	c21
0.00351402761166716	-3.82809450386863	0	0.09	1	BIN3	c21
0.0311247282580799	-3.82703884070667	0	0.051	1	LINC02273	c21
0.00214455499062167	-3.82679403097903	0	0.099	1	INO80C	c21
0.0101013284231178	-3.82612961609497	0	0.072	1	FASTKD2	c21
0.00258229254211166	-3.82579645791327	0	0.096	1	MPV17L2	c21
0.00736126132128079	-3.82554998025776	0	0.077	1	NOC3L	c21
8.46069432915585e-37	-3.82503293832247	0.093	0.851	2.83754766411229e-32	RPL6	c21
0.0066523531641378	-3.82460056866755	0	0.079	1	STXBP2	c21
0.00957244247481741	-3.82387830092948	0	0.073	1	ANKIB1	c21
0.0192237667419592	-3.82302296186382	0	0.06	1	MANEA	c21
0.0119476694029098	-3.82218870717566	0	0.069	1	TBCCD1	c21
0.00413860686858023	-3.82218735985163	0	0.088	1	IER5	c21
0.854645492222999	3.82158150687939	0.012	0.01	1	HIST2H2BE	c21
0.022876394280598	-3.82015059055741	0	0.057	1	DAPP1	c21
0.0722933966917981	-3.82004829670122	0	0.036	1	FAM102A	c21
0.00859545561665638	-3.81994997769318	0	0.075	1	CES2	c21
0.00413860687100173	-3.81864388114413	0	0.088	1	RAD51D	c21
0.0129490582455452	-3.818529298534	0	0.067	1	COQ10A	c21
0.183457471570068	-3.81728121214875	0	0.02	1	TRAV16	c21
2.89314973398909e-19	-3.81596590068435	0.012	0.553	9.70304557785259e-15	LSM7	c21
0.0100336688315653	-3.81519470502214	0	0.072	1	VPS11	c21
0.00577165160455652	-3.81490686707478	0	0.082	1	CNPY4	c21
0.0043701041880108	-3.81385676195783	0	0.087	1	CHUK	c21
4.68095892267345e-24	-3.81331310125686	0.023	0.655	1.56990000348622e-19	ARF1	c21
0.0021445549910455	-3.81265878372759	0	0.099	1	FUNDC1	c21
2.23868331788685e-42	-3.81255314850467	0.326	0.93	7.50809611152893e-38	RPLP1	c21
0.0120280995538437	-3.81223217691487	0	0.068	1	USP46	c21
0.0031286033677515	-3.81193588084654	0	0.093	1	CDK7	c21
0.00510892179555552	-3.81113623431301	0	0.084	1	AC011603.2	c21
1.89907802528253e-27	-3.81105253893481	0.035	0.716	6.36912788119256e-23	ATP5MC3	c21
0.00814459412297538	-3.81086411748788	0	0.075	1	DIS3L	c21
0.00446015768351721	-3.81083652562175	0	0.086	1	TBC1D10B	c21
0.293359111374593	-3.80962405006197	0	0.013	1	IGHV3-30	c21
0.00561742820882474	-3.80872337823679	0	0.082	1	TMEM128	c21
0.00134835082151273	-3.80862046322545	0	0.107	1	FAH	c21
0.0108760493393597	-3.80754705992096	0	0.07	1	ZNF37A	c21
0.00532105216258265	-3.80740146010336	0	0.083	1	RBM38	c21
0.00346637028983933	-3.80697014790794	0	0.091	1	AC010642.2	c21
2.35376604991643e-13	-3.80547491118303	0.012	0.429	7.89406057820973e-09	TUBA1C	c21
0.0161532659064297	-3.80546047371038	0	0.063	1	DLG1	c21
3.35756808657144e-27	-3.80465003371486	0.023	0.703	1.12606118487433e-22	COX6B1	c21
0.0108032552464291	-3.80457050973484	0	0.07	1	LRRC57	c21
0.00660756256198536	-3.80406025580667	0	0.079	1	RGL4	c21
7.50814776690863e-15	-3.80352246358121	0.012	0.463	2.51808259806581e-10	VAMP5	c21
0.00989969194260698	-3.80225347672431	0	0.072	1	FRA10AC1	c21
0.0121090664323426	-3.80131997543019	0	0.068	1	TPD52	c21
0.0758284434770125	-3.80099944366277	0	0.035	1	SWAP70	c21
0.00808990482468196	-3.80094879956925	0	0.076	1	C6orf120	c21
0.00944455903515005	-3.80079082827434	0	0.073	1	GNL3L	c21
0.00437010419226814	-3.79979017252628	0	0.087	1	MTFMT	c21
0.00761373488062066	-3.7987025301478	0	0.077	1	KLC2	c21
7.8162518382778e-37	-3.79739009801754	0.128	0.863	2.62141454152161e-32	SH3BGRL3	c21
0.0198777976232896	-3.797240711796	0	0.059	1	ZNF274	c21
0.00422397054879764	-3.79563297686935	0	0.087	1	DCAF15	c21
0.0140336718682052	-3.79526728011509	0	0.066	1	DDIT3	c21
0.0231845642655564	-3.79490603297261	0	0.057	1	ADRB2	c21
1.86346650606596e-19	-3.79472321401114	0.012	0.556	6.249693968044e-15	SNRPD1	c21
0.00510892178562868	-3.79439564412283	0	0.084	1	CGRRF1	c21
0.00363600312466045	-3.79385072486487	0	0.09	1	MUTYH	c21
0.00569402581178921	-3.79382637985835	0	0.082	1	U2AF1L4	c21
1.39235877798644e-26	-3.79278259530758	0.047	0.715	4.66969286961093e-22	SLC25A6	c21
0.00319346540018383	-3.79240463672604	0	0.092	1	BBS7	c21
0.00383986345872751	-3.7919035717583	0	0.089	1	PLAGL2	c21
0.0189682072944589	-3.7918009524288	0	0.06	1	HMGCR	c21
0.00741108619436932	-3.79164132483802	0	0.077	1	NT5C2	c21
0.00746124378489205	-3.79098172940657	0	0.077	1	ORC5	c21
0.0252915602569175	-3.79084751753823	0	0.055	1	PIBF1	c21
2.8772188327904e-08	-3.79074255622459	0.012	0.292	0.000964961652141243	CD79B	c21
0.0036608923763267	-3.7903625133439	0	0.09	1	ZFYVE21	c21
0.0648398349472134	-3.79017975519293	0	0.038	1	FCGR3A	c21
0.0319700431597992	-3.7890036383416	0	0.051	1	RPS6KC1	c21
7.18614722131595e-20	-3.78819523323663	0.012	0.564	2.41009005508494e-15	TMEM258	c21
0.00361128004009636	-3.78746906732931	0	0.09	1	PUS1	c21
0.00731176694563309	-3.78726496907453	0	0.077	1	SERTAD2	c21
0.00761373488503119	-3.78681717131048	0	0.077	1	MAP1LC3A	c21
0.00751173627888948	-3.78655412932796	0	0.077	1	MT1F	c21
0.0179794088188194	-3.78614894181099	0	0.061	1	MYSM1	c21
0.0182216823646951	-3.78576872819755	0	0.061	1	NBPF1	c21
0.00470931521440132	-3.78421387346489	0	0.085	1	GINS4	c21
0.019482761521897	-3.78402641761484	0	0.06	1	CORO2A	c21
0.00577165159672228	-3.78294559702841	0	0.082	1	PPME1	c21
0.0043701041880108	-3.78228667163037	0	0.087	1	NAA30	c21
3.05073025061385e-23	-3.78224593873541	0.023	0.639	1.02315391145087e-18	NDUFS5	c21
0.00452120421873086	-3.78196098387266	0	0.086	1	DPH7	c21
0.0136624692057272	-3.78086038626283	0	0.066	1	PPP1R15A	c21
0.0187160369958993	-3.78063531233777	0	0.061	1	HS3ST3B1	c21
0.00736126132270289	-3.7804690386197	0	0.077	1	PGPEP1	c21
0.00168386337012279	-3.78044008887219	0	0.103	1	TRAPPC5	c21
0.00497214732028643	-3.78029705706083	0	0.084	1	FAM114A2	c21
0.0227238500042562	-3.77855546182152	0	0.057	1	PRKD3	c21
0.315288963061402	-3.77841315312776	0	0.012	1	TRAV20	c21
0.0274065379524799	-3.77815949696559	0	0.054	1	TULP4	c21
0.00731176694704577	-3.7778425874529	0	0.077	1	MUL1	c21
2.77592441493057e-14	-3.77731616575443	0.012	0.45	9.30989530279416e-10	PSMC4	c21
0.0388331767653898	-3.77672352373409	0	0.047	1	SLC46A3	c21
0.00638803000964548	-3.77653492847299	0	0.08	1	TUBGCP4	c21
0.0105168715452306	-3.77587655888427	0	0.071	1	PISD	c21
1.68178060966556e-41	-3.77582462188607	0.198	0.911	5.64035580869637e-37	RPL41	c21
0.00665235316156365	-3.77510422683154	0	0.079	1	FAHD1	c21
3.55965379509905e-14	-3.77491976751421	0.012	0.447	1.19383668980032e-09	CD28	c21
1.87385766786993e-24	-3.77477688378135	0.012	0.642	6.28454384650216e-20	UBL5	c21
0.00397293338719706	-3.77445181729497	0	0.088	1	PDHX	c21
0.00617568866851639	-3.77385665315886	0	0.08	1	C21orf2	c21
0.00716524510029884	-3.77373741127712	0	0.078	1	PI4K2B	c21
0.00819964845636515	-3.77326697673318	0	0.075	1	LYPLAL1	c21
0.00246104917349499	-3.77296793341918	0	0.097	1	WDYHV1	c21
0.294246765886569	3.77090383580139	0.012	0.004	1	CAMKK1	c21
0.0106591112366155	-3.76971889250701	0	0.071	1	OTUD5	c21
0.0125220784423055	-3.76959082653846	0	0.068	1	ADGRE1	c21
0.00521392549867551	-3.76763309806005	0	0.083	1	ARV1	c21
0.0566236497185027	-3.76700772857207	0	0.041	1	KIR3DL2	c21
1.30343989811186e-46	-3.76688713394834	0.302	0.958	4.37147673028755e-42	EEF1A1	c21
0.00630224380273127	-3.76684433356308	0	0.08	1	ZADH2	c21
0.0225723236085085	-3.76614020109417	0	0.057	1	TRIM5	c21
1.63867761811483e-22	-3.76533054556947	0.023	0.628	5.49579699563352e-18	PDIA3	c21
5.92710327107736e-29	-3.76491310352018	0.023	0.73	1.98783189505393e-24	CAP1	c21
0.0249553340515366	-3.76466602959628	0	0.055	1	APOBR	c21
0.00819964845003835	-3.76340238727265	0	0.075	1	ARID3B	c21
2.45266762649161e-14	-3.76336861717187	0.012	0.451	8.22575668572757e-10	PPP2R1A	c21
0.00439992162484907	-3.76299791700366	0	0.086	1	NDUFAF6	c21
0.00500599936757811	-3.76149702812471	0	0.084	1	C2orf69	c21
0.00507438510531103	-3.75941342324785	0	0.084	1	CEP19	c21
0.00258229254414499	-3.75888795362266	0	0.096	1	MRGBP	c21
0.00605163800764449	-3.75827229638627	0	0.081	1	GADD45A	c21
1.34745687790817e-18	-3.75824825792783	0.012	0.54	4.51910087712844e-14	GHITM	c21
0.0231845642744326	-3.75780287596876	0	0.057	1	ZNF141	c21
0.0068345281636731	-3.75765226078967	0	0.079	1	TCAIM	c21
0.00232930840003911	-3.75751928844369	0	0.098	1	ATP23	c21
0.00944455904606142	-3.75717941677039	0	0.073	1	EPB41L2	c21
0.01330101714862	-3.75646308341381	0	0.067	1	SMG6	c21
0.0201455871754666	-3.75628294285994	0	0.059	1	NHLRC2	c21
0.00442993900958199	-3.75595569226056	0	0.086	1	ZNHIT2	c21
4.32374316425311e-22	-3.75562847981627	0.012	0.603	1.45009698242721e-17	FAM96B	c21
0.0212532633636389	-3.75553208726359	0	0.058	1	TMTC4	c21
0.0110973586623548	-3.75502280306416	0	0.07	1	RPRD1B	c21
1.26777582162215e-40	-3.75478575893068	0.151	0.897	4.25186655055638e-36	TPT1	c21
0.00470931521165232	-3.75388925552438	0	0.085	1	OGFOD2	c21
7.52140776115379e-13	-3.75382703564719	0.012	0.416	2.52252973493576e-08	CD3G	c21
0.040159111899442	-3.7535008649314	0	0.047	1	CMTM8	c21
0.00589004810748699	-3.75331447449008	0	0.081	1	PLK4	c21
0.0118677724136528	-3.75309421157476	0	0.069	1	KLHL20	c21
0.0129490582530008	-3.75293282669476	0	0.067	1	GUF1	c21
0.0153106694413886	-3.75185323001165	0	0.064	1	SCMH1	c21
2.16984689171496e-41	-3.75174072646813	0.221	0.911	7.27723250543364e-37	RPS19	c21
0.0407022542250353	-3.75137313824961	0	0.047	1	ADA2	c21
0.183457471608322	-3.75133327537057	0	0.02	1	TRAV12-1	c21
0.00300273301570063	-3.75123675486072	0	0.093	1	RHEBL1	c21
0.00184238469423848	-3.75078720369652	0	0.102	1	C12orf45	c21
0.00634499404456472	-3.7506674182946	0	0.08	1	MTHFS	c21
0.00514368973257114	-3.75059926184016	0	0.084	1	SDE2	c21
0.0652815374150397	-3.75032493905181	0	0.038	1	LPAR6	c21
0.0126063420420732	-3.74928334346784	0	0.068	1	TRMT11	c21
0.0150060922440379	-3.74902393613965	0	0.065	1	PJA1	c21
0.0197452384921687	-3.74858302233001	0	0.06	1	KIAA2026	c21
0.0163710259060725	-3.74810386271509	0	0.063	1	DSTYK	c21
0.0117884050534307	-3.74801618676466	0	0.069	1	ELP1	c21
0.0160454692728197	-3.74795675624717	0	0.063	1	LRRC8C	c21
0.00665235316027657	-3.74731177481146	0	0.079	1	STIL	c21
0.00337295118159972	-3.74686236826144	0	0.091	1	APOL4	c21
0.00288183402474173	-3.7459893616755	0	0.094	1	NSDHL	c21
0.0415309754166814	-3.74591016182611	0	0.046	1	JAML	c21
0.0117095637841353	-3.74570252122771	0	0.069	1	MOV10	c21
0.0161532659002392	-3.74564058634966	0	0.063	1	MED14	c21
0.00819964846427366	-3.74463291175955	0	0.075	1	NSUN4	c21
4.40352844252367e-30	-3.74431198533498	0.035	0.756	1.47685536905359e-25	PCBP2	c21
0.0177403460539495	-3.74401200078756	0	0.061	1	RTTN	c21
0.0039729333918497	-3.74388850618881	0	0.088	1	DLAT	c21
0.0170609847357384	3.74335585344609	0.012	0.001	1	AC027307.3	c21
0.00524939641605626	-3.74228845807858	0	0.083	1	ELL2	c21
0.0155171279856717	-3.74171122254479	0	0.064	1	DNAJC13	c21
0.0111721150245677	-3.74107479193513	0	0.07	1	STRADA	c21
0.0123552235321351	-3.73992990214374	0	0.068	1	NDUFAF7	c21
0.00638803000222526	-3.73986907637666	0	0.08	1	MPZL1	c21
0.017859478810935	-3.73929278040434	0	0.061	1	GNS	c21
0.00976748507288885	-3.73837727570745	0	0.072	1	FBXO28	c21
0.0169282949096066	-3.73836614060704	0	0.062	1	NAGPA	c21
0.00669744302577225	-3.73822164371216	0	0.079	1	TBL2	c21
0.0117095637818859	-3.73821466666173	0	0.069	1	ERVK3-1	c21
0.0192237667382783	-3.73792961207953	0	0.06	1	TET2	c21
0.00192038913450371	-3.73746736110507	0	0.101	1	CCDC51	c21
0.0142230120875061	-3.73725395933275	0	0.065	1	DCAF1	c21
0.0118677724022554	-3.7367402396854	0	0.069	1	SLC35E3	c21
0.00865351895699411	-3.73664060482076	0	0.074	1	SENP1	c21
0.0121905736403612	-3.73639926740796	0	0.068	1	THAP6	c21
0.00226605483949394	-3.7357373842918	0	0.098	1	TRIP6	c21
0.00487193652169116	-3.73557645579231	0	0.085	1	RANBP9	c21
2.2693760922037e-27	-3.73438942957478	0.023	0.704	7.61103353803276e-23	NDUFB11	c21
0.012272624790565	-3.7336452095375	0	0.068	1	TBC1D25	c21
0.0146093391247953	-3.73352401999807	0	0.065	1	SNX19	c21
0.0311247282640438	-3.7334469940446	0	0.051	1	PEX1	c21
0.00474140654069061	-3.7330087710591	0	0.085	1	PARP2	c21
0.0157263551667758	-3.73240995639051	0	0.064	1	LANCL1	c21
0.00782184993635877	-3.73225052640438	0	0.076	1	LRRC8A	c21
0.00643135361017401	-3.73200691339884	0	0.08	1	SPIN1	c21
0.0200112451542826	-3.73180633669311	0	0.059	1	TAOK2	c21
0.00944455902605722	-3.7307483466317	0	0.073	1	ZC3H3	c21
0.0189682072944589	-3.73046600701297	0	0.06	1	ATP8B4	c21
0.0222722966713499	-3.73044086382042	0	0.057	1	EIF2AK3	c21
2.05682064504003e-17	-3.73042244985712	0.012	0.517	6.89816507933524e-13	SEC61G	c21
0.00358672203042359	-3.73024336102086	0	0.09	1	NCK1-DT	c21
0.0328385015032828	-3.7300950019192	0	0.05	1	MICAL3	c21
0.00413860686696591	-3.72994768184314	0	0.088	1	CTNNBIP1	c21
6.62547791741017e-20	-3.72963174520882	0.012	0.565	2.22205278394102e-15	NDUFAF3	c21
0.0143186316135358	-3.729348396586	0	0.065	1	PYGB	c21
0.0111721150181262	-3.72851732740171	0	0.07	1	GLMN	c21
0.00859545560671425	-3.72806742467125	0	0.075	1	PORCN	c21
0.0108032552547371	-3.727872766551	0	0.07	1	NMT2	c21
0.0117884050307868	-3.72776118574308	0	0.069	1	ZMYND11	c21
5.81869867845646e-21	-3.72765140913967	0.012	0.584	1.95147516278073e-16	AP2S1	c21
0.0370509933486449	-3.72731399645208	0	0.048	1	MTSS1	c21
0.00300273302336114	-3.72703282893558	0	0.093	1	CTNNAL1	c21
0.00836702599874746	-3.72651687352887	0	0.075	1	GEMIN4	c21
0.0095082881476075	-3.72587629193012	0	0.073	1	PDCD11	c21
0.00569402581399795	-3.7249345369552	0	0.082	1	MSTO1	c21
0.00711705107212292	-3.72460312848009	0	0.078	1	CIDEB	c21
0.00944455903696861	-3.72295268871339	0	0.073	1	PLAUR	c21
0.00368594891175503	-3.72285993471397	0	0.09	1	NUDT3	c21
0.00452120421080754	-3.72275121954135	0	0.086	1	TEDC1	c21
0.0165917075903336	-3.72184972343058	0	0.063	1	PWWP2A	c21
0.00913219367825419	-3.7212930345223	0	0.073	1	PPP2R5A	c21
0.0287213827485004	-3.72124224239868	0	0.053	1	USP32	c21
0.00950828813662339	-3.72082831127814	0	0.073	1	TMEM187	c21
0.00808990482624277	-3.72030531018219	0	0.076	1	RSAD1	c21
0.0168153504866809	-3.71953371947444	0	0.062	1	PKIG	c21
3.72506834971774e-12	-3.71876989192162	0.012	0.399	1.24931342312834e-07	GIMAP7	c21
3.080061344074e-19	-3.71676527629408	0.035	0.585	1.03299097357554e-14	CCND2	c21
0.0300996639808262	-3.71635899919941	0	0.052	1	CHD7	c21
3.6279231394383e-19	-3.71475181471359	0.012	0.551	1.21673286250482e-14	SURF4	c21
0.00581085432860924	-3.71452905401133	0	0.082	1	USP12	c21
0.00931836517346763	-3.71376912034049	0	0.073	1	INTS7	c21
0.0228763942981144	-3.71303795734094	0	0.057	1	TP53BP2	c21
0.00524939641197822	-3.7129433349402	0	0.083	1	TTC5	c21
0.00573270933505904	-3.71275016890582	0	0.082	1	LRRC14	c21
3.74113859955319e-13	-3.71263829219515	0.012	0.423	1.25470306351815e-08	DIAPH1	c21
0.00605163800881706	-3.71204207838327	0	0.081	1	NBPF10	c21
0.0247889049989944	-3.7116461410494	0	0.055	1	IRF9	c21
0.0170419947984367	-3.71067649452042	0	0.062	1	TPTEP2-CSNK1E	c21
0.0119476693983204	-3.70997255181865	0	0.069	1	HMG20A	c21
5.22342310853607e-18	-3.70996580054761	0.012	0.529	1.75183164214083e-13	ATP5MD	c21
0.339360980532741	-3.70966729387674	0	0.011	1	TRBV12-3	c21
0.0266825215507559	-3.70920102587757	0	0.054	1	CDKN2B	c21
0.0097674850634889	-3.70910293277038	0	0.072	1	NNT-AS1	c21
0.115485647662291	-3.70847950142374	0	0.028	1	TTN	c21
0.0224218080877535	-3.70802252050177	0	0.057	1	DGCR2	c21
0.011631245118856	-3.70786361580882	0	0.069	1	LIN54	c21
5.84888755118102e-43	-3.70776190710102	0.326	0.944	1.96159990691509e-38	PFN1	c21
0.00371117382118691	-3.70658175879601	0	0.09	1	CRYZ	c21
0.0194827615069758	-3.7050190535284	0	0.06	1	TBC1D23	c21
0.0176220052362192	-3.70475666169381	0	0.062	1	POLR1B	c21
0.0261521363449764	-3.7046266971055	0	0.054	1	AMBRA1	c21
0.00678852850981574	-3.70297592399901	0	0.079	1	ISYNA1	c21
0.0296992155092935	-3.69942366515238	0	0.052	1	TASP1	c21
7.4124566796065e-41	-3.69922756834416	0.163	0.891	2.48598972120643e-36	RPL18	c21
0.0185912085288221	-3.6992128030215	0	0.061	1	TENT5C	c21
1.11622533547514e-14	-3.69890072067358	0.012	0.459	3.74359653011651e-10	TGFB1	c21
0.00819964846427366	-3.69746295258044	0	0.075	1	RNF219	c21
0.0121905736473839	-3.69726998157362	0	0.068	1	PHF7	c21
0.00776930073931242	-3.69718284648746	0	0.076	1	POLA1	c21
0.794969779896031	3.69659474783328	0.012	0.009	1	AC007448.3	c21
0.0102380048057448	-3.69651074571622	0	0.071	1	GALNT2	c21
0.0368032418961616	-3.69584315449338	0	0.048	1	FAM214A	c21
1.90408025192243e-32	-3.69506120668538	0.07	0.807	6.38590434889743e-28	RPL9	c21
0.00442993900958199	-3.69505671668184	0	0.086	1	CRAT	c21
0.0149059111516975	-3.69465825373216	0	0.065	1	ZUP1	c21
0.0964165507035066	-3.69352507786623	0	0.031	1	HVCN1	c21
0.0242962622655769	-3.69223507206048	0	0.056	1	DENND6A	c21
0.0224218081006298	-3.69222400397548	0	0.057	1	ZNF236	c21
0.00474140654622542	-3.691998139375	0	0.085	1	PRR11	c21
0.00422397055291517	-3.69103727543908	0	0.087	1	ATAD3A	c21
0.0105877549262924	-3.69082173090991	0	0.071	1	ZDHHC13	c21
0.00569402581289358	-3.69081681382623	0	0.082	1	LRRC23	c21
0.00787474994631107	-3.69052793452619	0	0.076	1	SDC4	c21
0.0254613728426278	-3.69007165680448	0	0.055	1	EOMES	c21
0.0113231274153295	-3.6900247523262	0	0.07	1	RBM12	c21
0.0154135549374545	-3.68920004412974	0	0.064	1	PPTC7	c21
0.0351152455856678	-3.68842549775726	0	0.049	1	MCTP2	c21
0.0121090664393187	-3.68748342397141	0	0.068	1	TMEM175	c21
2.68876299889957e-41	-3.68692917758514	0.186	0.902	9.01757334570939e-37	RPL19	c21
0.0056555993397559	-3.68681914538369	0	0.082	1	HIBADH	c21
0.0251228832637221	-3.68534577132047	0	0.055	1	HECTD4	c21
6.80185230216458e-30	-3.68523050076437	0.035	0.755	2.28120522509996e-25	ARL6IP5	c21
0.0132121473473063	-3.68248221737433	0	0.067	1	MAGED1	c21
0.00605163800647191	-3.68213880890575	0	0.081	1	C6orf203	c21
0.0236546289590942	-3.68182108626301	0	0.056	1	DYRK1A	c21
0.0151069426526218	-3.68084460693911	0	0.064	1	CIC	c21
0.0129490582455452	-3.6806769248924	0	0.067	1	MOAP1	c21
0.00919383862860018	-3.68067075620775	0	0.073	1	MDM1	c21
0.0109493290929583	-3.68063875125677	0	0.07	1	TTC38	c21
1.11482989385525e-18	-3.67878095935247	0.012	0.542	3.73891649801173e-14	TEX264	c21
0.00761373488209084	-3.67767204540992	0	0.077	1	ZBTB45	c21
0.00638803000840878	-3.67730920160526	0	0.08	1	KLHL12	c21
0.00557951074755769	-3.67722898789913	0	0.082	1	DDX59	c21
0.0118677724227707	-3.67711455889479	0	0.069	1	WDR70	c21
3.31611216824895e-40	-3.67690536200535	0.105	0.899	1.11215769898733e-35	HSPA8	c21
0.0109493290971678	-3.67684895194724	0	0.07	1	CLN6	c21
0.0344159730123261	-3.67672644645011	0	0.05	1	PAXIP1-AS1	c21
0.00925589487346277	-3.67610793594694	0	0.073	1	CACNA2D4	c21
0.0117095637818859	-3.67586681279253	0	0.069	1	SAP130	c21
3.03358686179835e-16	-3.67459693539434	0.012	0.493	1.01740436170993e-11	KMT2E	c21
0.0208309286400411	-3.67422883080647	0	0.059	1	SNIP1	c21
0.0131238668755029	-3.67363560170878	0	0.067	1	SCRN3	c21
0.0173876780822297	-3.67316315149205	0	0.062	1	FBXO3	c21
8.07175369377377e-23	-3.67126480840481	0.012	0.616	2.70710475381785e-18	YWHAQ	c21
0.0198777976194838	-3.6700787839317	0	0.059	1	FAM53C	c21
0.0121090664416441	-3.66941186517146	0	0.068	1	ELP4	c21
0.0120280995515337	-3.66881307483002	0	0.068	1	RXRB	c21
3.42999787910953e-14	-3.66872746674233	0.012	0.448	1.15035268869575e-09	HNRNPH3	c21
0.016703156393271	-3.66786362133881	0	0.063	1	STXBP3	c21
0.00688083509237216	-3.66751822730993	0	0.079	1	LNPK	c21
0.0300996639577609	-3.66737034838005	0	0.052	1	CRELD1	c21
0.015938388491563	-3.66707732072605	0	0.063	1	COQ8A	c21
1.23459315569466e-30	-3.66705173546372	0.047	0.78	4.14057852556876e-26	RPL36AL	c21
0.00581085433086255	-3.6669446244968	0	0.082	1	TAF5	c21
0.0113231274109778	-3.6659541467464	0	0.07	1	FRMD8	c21
0.00716524510583796	-3.66481415097103	0	0.078	1	CCDC117	c21
2.44273136705424e-13	-3.66432081649656	0.012	0.428	8.19243245882652e-09	RHEB	c21
0.0118677724227707	-3.66405503475535	0	0.069	1	OTUD4	c21
0.00798161169177986	-3.66349035048141	0	0.076	1	LYRM7	c21
0.0060927130123177	-3.66224944840323	0	0.081	1	DPH5	c21
0.00776930074681137	-3.66187130415138	0	0.076	1	LRRC28	c21
0.0124383735083557	-3.66092469815614	0	0.068	1	SLC25A37	c21
1.13441935968501e-38	-3.66070250268334	0.244	0.889	3.80461564851157e-34	RPS12	c21
0.00651887130827099	-3.66040218897956	0	0.079	1	CENPJ	c21
1.34640854032271e-05	-3.66025871279983	0.128	0.342	0.451558496253432	GNLY	c21
0.0205540410275034	-3.65800216649537	0	0.059	1	RGS16	c21
0.0156213931687997	-3.65716301068427	0	0.064	1	SH2B1	c21
0.00376213325708219	-3.65703741057461	0	0.089	1	RRP9	c21
0.0275906041642584	-3.65658755185829	0	0.054	1	ARHGAP35	c21
1.25299891125887e-37	-3.65651820721943	0.116	0.868	4.20230774858e-33	RPS6	c21
0.02153956332358	-3.65609448057809	0	0.058	1	WASHC2A	c21
0.211011184475902	-3.65563723069575	0	0.018	1	TRAV22	c21
0.0135712022471163	-3.65521788988064	0	0.066	1	GTF2A1	c21
0.0106591112407147	-3.65464700195634	0	0.071	1	RPUSD4	c21
0.00919383862151671	-3.65332003743836	0	0.073	1	TARDBP	c21
0.0326191817389854	-3.65320294541554	0	0.05	1	INVS	c21
0.0258044361093828	-3.65315863917538	0	0.055	1	SLC16A13	c21
0.00751173626438191	-3.65309089469154	0	0.077	1	KDM1A	c21
0.144674905593741	-3.65056770597791	0	0.024	1	CD19	c21
2.76056019756316e-20	-3.65028068889867	0.012	0.572	9.25836679058732e-16	ADRM1	c21
0.0112473701522374	-3.6502407900402	0	0.07	1	RAD17	c21
0.00859545560837126	-3.64847996120951	0	0.075	1	MTMR2	c21
0.00938125231916562	-3.64741749248721	0	0.073	1	CNPY2	c21
0.0152084668666572	-3.64694106378426	0	0.064	1	PDSS2	c21
0.00970203807151332	-3.64693942813488	0	0.072	1	ORC4	c21
0.0315445329581873	-3.64682113369917	0	0.051	1	LAX1	c21
0.00688083510168643	-3.64678390361993	0	0.079	1	PRR3	c21
0.013754345544814	-3.64569983417668	0	0.066	1	BRPF1	c21
0.0136624691978644	-3.6454346512466	0	0.066	1	GOLIM4	c21
0.00452120422225233	-3.64538181779014	0	0.086	1	PITPNA-AS1	c21
0.00565559933097962	-3.64515833507655	0	0.082	1	APOBEC3B	c21
0.00593004263638469	-3.64453296635324	0	0.081	1	TMEM203	c21
0.0119476694052045	-3.64440485062514	0	0.069	1	GSTM3	c21
0.0231845642611182	-3.64354022605658	0	0.057	1	TMEM161B-AS1	c21
0.0148063948687308	-3.64324258664139	0	0.065	1	TMEM44-AS1	c21
0.00341934759430881	-3.64284985550469	0	0.091	1	TPMT	c21
2.29594173719397e-23	-3.64270674383009	0.012	0.624	7.70012939820114e-19	SPCS1	c21
0.133828538036017	-3.64244372092496	0	0.025	1	CCL4L2	c21
0.00938125231013302	-3.64242688674872	0	0.073	1	ARRDC1-AS1	c21
0.0143186316217734	-3.641601978259	0	0.065	1	MZF1	c21
0.0283393735083617	-3.64116957680368	0	0.053	1	SUMF1	c21
0.0030027330221826	-3.64061974431844	0	0.093	1	RIDA	c21
0.0146093391191929	-3.64039150748325	0	0.065	1	ZNF512	c21
0.00532105216051626	-3.63979005148918	0	0.083	1	TWSG1	c21
0.00665235316928611	-3.63939945551544	0	0.079	1	CLP1	c21
0.00950828815859161	-3.63857177250025	0	0.073	1	MTIF2	c21
0.00510892179456284	-3.63856863564813	0	0.084	1	HIST3H2A	c21
0.0129490582505156	-3.63803815239262	0	0.067	1	TAMM41	c21
0.0201455871716097	-3.63622721765621	0	0.059	1	KLHL9	c21
0.00678852851769388	-3.636088520151	0	0.079	1	JMJD8	c21
0.00265418325172618	-3.636081520636	0	0.095	1	UBE2M	c21
0.152074798563634	-3.63571331316666	0	0.023	1	RALGPS2	c21
0.0106591112325163	-3.63526491056888	0	0.071	1	DPH1	c21
0.0435319221350519	-3.63455691525967	0	0.045	1	ATP1B1	c21
0.00907095734190859	-3.63323593659596	0	0.074	1	KDELC1	c21
0.0153106694560623	-3.63287707143041	0	0.064	1	ATG9A	c21
1.40880005198583e-32	-3.63221208252096	0.07	0.805	4.72483361435007e-28	RPL10A	c21
2.11328115668617e-30	-3.63188227895949	0.023	0.749	7.08752234329409e-26	CD3E	c21
0.0375515705148929	-3.63146830611601	0	0.048	1	SPICE1	c21
0.00601083581042072	-3.63130449668602	0	0.081	1	C1orf216	c21
0.0326191817452378	-3.63042604135866	0	0.05	1	TRIM52	c21
9.02003557120524e-26	-3.6299752817383	0.035	0.697	3.02513952987081e-21	GNG5	c21
0.0149059111431245	-3.62994792941035	0	0.065	1	SLC25A16	c21
2.56343347075458e-37	-3.62969606863261	0.14	0.86	8.5972431742167e-33	RPS3A	c21
0.155372549469006	-3.62910473083725	0	0.023	1	LINC00926	c21
0.014511790834529	-3.62887386305293	0	0.065	1	VAC14	c21
0.0129490582530008	-3.62879681206002	0	0.067	1	INTS4	c21
1.05753246700561e-41	-3.62791548722841	0.221	0.916	3.54675238784342e-37	RPLP0	c21
3.32184443595646e-24	-3.62765024392155	0.023	0.656	1.11408018693108e-19	PSMB6	c21
0.0385733592682172	-3.6272135505917	0	0.047	1	DIAPH2	c21
0.0150060922469147	-3.62675834577992	0	0.065	1	MIOS	c21
0.0303019214434708	-3.62668113908211	0	0.052	1	CMTR2	c21
0.023813428400715	-3.62456875855354	0	0.056	1	SNAI3	c21
2.28584089910171e-21	-3.62410430862497	0.012	0.591	7.66625320740732e-17	SRSF2	c21
0.00589004810520346	-3.62364623491411	0	0.081	1	RNF14	c21
3.51381407302688e-34	-3.62281866896607	0.093	0.823	1.17846296381175e-29	SERF2	c21
0.0043701041880108	-3.62236205846262	0	0.087	1	NET1	c21
0.017156455162478	-3.62216903534282	0	0.062	1	QSOX1	c21
0.0114761617457539	-3.62207075912857	0	0.069	1	FAM120B	c21
0.0072137609985844	-3.6217517326637	0	0.078	1	MBIP	c21
1.23129611242648e-15	-3.62132736668519	0.012	0.48	4.12952090185594e-11	CREM	c21
0.00621759297593619	-3.62072290469402	0	0.08	1	UBE2F	c21
0.00517869045173823	-3.61942985245301	0	0.084	1	TTLL12	c21
8.19561185417302e-35	-3.61933480225383	0.105	0.838	2.74864430365255e-30	RPS25	c21
0.0447190339694193	-3.61925795913089	0	0.045	1	HEATR6	c21
0.00678852852294596	-3.61889670028665	0	0.079	1	FADS2	c21
0.00865351896033024	-3.61837888073185	0	0.074	1	PIGU	c21
0.0224218080920456	-3.61692829109206	0	0.057	1	RNF38	c21
1.8555320223977e-22	-3.61638879373695	0.023	0.628	6.22308329671742e-18	RPS29	c21
1.32467097933894e-27	-3.6152412358199	0.047	0.728	4.44268153050695e-23	SLC25A5	c21
0.0078747499326323	-3.61481952786494	0	0.076	1	IRF5	c21
0.00310727129786789	-3.61468196983055	0	0.093	1	PNO1	c21
0.00776930074831116	-3.61454423268707	0	0.076	1	PPAT	c21
0.0124383735250719	-3.61419435997465	0	0.068	1	VPS52	c21
0.00402742064914559	-3.61396576440476	0	0.088	1	FAM241A	c21
0.00798161168407884	-3.61361518880039	0	0.076	1	TMEM9	c21
0.00446015768612329	-3.61350803090209	0	0.086	1	RPF2	c21
0.0244593766943285	-3.61350053433668	0	0.056	1	PCYOX1	c21
0.0101694394043685	-3.61236661880921	0	0.072	1	SURF6	c21
0.0177403460607451	-3.61198361345569	0	0.061	1	GDAP2	c21
1.7899844614333e-13	-3.6116972576552	0.012	0.432	6.00324988675499e-09	ITGB1BP1	c21
0.00716524510029884	-3.61149217795939	0	0.078	1	QKI	c21
0.00490511737395876	-3.61140813090027	0	0.085	1	AL138724.1	c21
2.71704263875465e-16	-3.61047151344833	0.012	0.494	9.11241760185533e-12	FERMT3	c21
0.014414889741509	-3.61024489862161	0	0.065	1	PPP2R2B	c21
0.00346637029119599	-3.61022386279065	0	0.091	1	BYSL	c21
0.0173876780788991	-3.60849547631582	0	0.062	1	NFRKB	c21
0.0134805406153938	-3.60795622015868	0	0.066	1	SRD5A1	c21
0.0193528317980902	-3.60709471281272	0	0.06	1	NOTCH1	c21
6.61420191087538e-29	-3.60692004232398	0.035	0.745	2.21827103686938e-24	MYL12B	c21
0.0242962622795302	-3.60653695689006	0	0.056	1	ZDHHC21	c21
3.5426595221384e-14	-3.60647667193934	0.012	0.448	1.18813715053478e-09	PMVK	c21
0.0970846384300382	-3.60590422060749	0	0.031	1	IL1R2	c21
0.0165917075744395	-3.60515136705928	0	0.063	1	PHF8	c21
2.47057383728253e-11	-3.60499880615912	0.012	0.378	8.28581053547816e-07	PPP1R12A	c21
0.0134805406128075	-3.60467243633586	0	0.066	1	GRAMD2B	c21
0.0171564551756238	-3.60420233474564	0	0.062	1	UNKL	c21
0.0566236496747072	-3.60298686981137	0	0.041	1	PGAP1	c21
0.0084235648859342	-3.60283271853713	0	0.075	1	RRNAD1	c21
0.0137543455368987	-3.60242251836822	0	0.066	1	CRACR2A	c21
0.0313339223770581	-3.60229558269703	0	0.051	1	ACSS1	c21
0.0305055471020881	-3.6016806904377	0	0.052	1	PLEKHF2	c21
1.43926406445714e-17	-3.60147843538006	0.012	0.52	4.82700381937635e-13	ST13	c21
0.00808990482312115	-3.60143157332029	0	0.076	1	NUDT18	c21
0.0227238500260057	-3.60128616075803	0	0.057	1	SCFD2	c21
0.0370509933628657	-3.59984998494118	0	0.048	1	C2CD5	c21
0.0115534455830778	-3.59837427877899	0	0.069	1	CNEP1R1	c21
0.0189682072799306	-3.59834890292487	0	0.06	1	TSPAN31	c21
0.131026052797963	-3.59793468850702	0	0.026	1	LY9	c21
0.00569402581620668	-3.59601716776116	0	0.082	1	PCCB	c21
0.012272624790565	-3.59574547544621	0	0.068	1	RAB39B	c21
0.0058108543319892	-3.59572971272487	0	0.082	1	CAMK1	c21
0.00950828815859161	-3.59480643017737	0	0.073	1	SPATS2	c21
0.0429504299602755	-3.59436096573751	0	0.046	1	DHRS3	c21
2.06319101770295e-18	-3.59349208031583	0.012	0.537	6.91953003517216e-14	GTF3C6	c21
0.00831086193900733	-3.59309514815444	0	0.075	1	MED18	c21
0.980298964547825	3.59292108408393	0.012	0.011	1	FAM57A	c21
2.16288029340356e-12	-3.59265407488397	0.012	0.405	7.25386792801688e-08	AKR1A1	c21
0.0202808297203514	-3.59250200850111	0	0.059	1	BTD	c21
0.0112473701435915	-3.59192980528086	0	0.07	1	TTK	c21
1.52391577014333e-17	-3.59137582366875	0.023	0.538	5.1109087099067e-13	TBCB	c21
0.00490511736823624	-3.59074881950608	0	0.085	1	TMEM218	c21
0.0309169408495582	-3.5891746376885	0	0.051	1	CCDC14	c21
4.3319924740512e-37	-3.58897798148643	0.174	0.874	1.45286363594729e-32	MYL6	c21
0.0127765601904862	-3.58858194591726	0	0.067	1	AEBP2	c21
0.0149059111545552	-3.58853729450842	0	0.065	1	COQ8B	c21
0.0504829368353713	-3.58845933459789	0	0.043	1	HDAC4	c21
0.00356232801193642	-3.58723191272446	0	0.09	1	ZWILCH	c21
0.0107309436150686	-3.58674106449541	0	0.071	1	ZNF346	c21
0.0228763942587024	-3.58602364943977	0	0.057	1	BCDIN3D	c21
1.00653447531967e-22	-3.58580388766846	0.023	0.631	3.37571532332712e-18	UBE2D2	c21
0.087022116475129	3.58559811749459	0.023	0.007	1	RYR1	c21
0.0219762587281548	-3.58497537290633	0	0.058	1	MAGEF1	c21
0.00963702481710203	-3.58470265215623	0	0.072	1	MICB	c21
0.0471930654822032	-3.5840008735746	0	0.044	1	SLC35E2B	c21
0.0176220052227183	-3.58355684008979	0	0.062	1	EIF4ENIF1	c21
0.0142230120820508	-3.58320973338976	0	0.065	1	TMEM104	c21
0.0758284434326118	-3.5827157070832	0	0.035	1	SCML4	c21
0.00836702598906613	-3.58269775976525	0	0.075	1	CHMP1B	c21
0.0238134284235078	-3.5821375813104	0	0.056	1	PRDM8	c21
0.00554184527599256	-3.58162778072999	0	0.082	1	C12orf49	c21
0.0330593085490487	-3.58047988516222	0	0.05	1	TRAPPC11	c21
4.34826109927206e-33	-3.58000529207554	0.093	0.822	1.45831980747386e-28	RPL35A	c21
1.94488639782597e-18	-3.57874266946543	0.012	0.537	6.52276000102875e-14	CD164	c21
0.0241342377248545	-3.57870982394307	0	0.056	1	SETD1B	c21
0.00792800306755065	-3.57797401155	0	0.076	1	MAP3K13	c21
0.00634499404702172	-3.57752137744301	0	0.08	1	ARNTL2	c21
3.31958360769481e-24	-3.57742409472611	0.023	0.655	1.11332195034868e-19	TMEM50A	c21
0.00581085432522928	-3.57680299770843	0	0.082	1	PSRC1	c21
0.00766524550830686	-3.57677230028033	0	0.077	1	GEMIN8	c21
0.00716524510722273	-3.57666589376073	0	0.078	1	C12orf29	c21
0.0150060922382844	-3.57657553270113	0	0.065	1	PIGV	c21
0.0133010171384113	-3.57541836336167	0	0.067	1	EXOG	c21
3.773711116167e-12	-3.57512309481196	0.012	0.399	1.26562723414009e-07	DPP7	c21
0.220677831384891	-3.57491681080478	0	0.017	1	FAM13A	c21
0.0040274206522891	-3.57404228216405	0	0.088	1	DYRK4	c21
0.00464577198253288	-3.57354068567799	0	0.086	1	C1orf50	c21
2.47479823139256e-19	-3.57296287652937	0.023	0.572	8.29997830844437e-15	ZNF706	c21
0.0287213827540014	-3.57190436746105	0	0.053	1	SLC38A9	c21
0.00989969195784808	-3.57185772334599	0	0.072	1	HPS6	c21
0.00970203806404315	-3.57127436073164	0	0.072	1	FCF1	c21
0.00970203805844053	-3.57112612363617	0	0.072	1	SHQ1	c21
5.99310755189789e-20	-3.5705345879543	0.035	0.597	2.00996841075551e-15	HMGB2	c21
2.25595619572967e-28	-3.57035304197392	0.047	0.745	7.56602588923815e-24	PSMB9	c21
0.00621759298195728	-3.57006497518878	0	0.08	1	TCEA2	c21
0.0103765110057159	-3.5696070679433	0	0.071	1	POLR3D	c21
0.0132121473422358	-3.56913582974726	0	0.067	1	GPSM2	c21
2.41666908983323e-39	-3.56893839934365	0.151	0.886	8.1050247934827e-35	RPL8	c21
0.00706917679729844	-3.568761793669	0	0.078	1	DYNLL2	c21
0.0307105503824723	-3.56862823912235	0	0.052	1	ZNF445	c21
0.0177403460505517	-3.56801482284425	0	0.061	1	LINC00847	c21
0.00480623574377151	-3.56667218634674	0	0.085	1	SUV39H2	c21
0.0135712022471163	-3.56665871908211	0	0.066	1	UNK	c21
0.165849784854024	3.56598741059922	0.012	0.003	1	KCNAB3	c21
0.0130361718115433	-3.56598117043984	0	0.067	1	ATXN7L3	c21
1.58837845604745e-25	-3.5650565091647	0.035	0.69	5.32710366589194e-21	CNBP	c21
0.00741108621011684	-3.5650184062589	0	0.077	1	BATF3	c21
0.0070216201336465	-3.56438439063645	0	0.078	1	MASTL	c21
0.150992712982085	-3.56425217800099	0	0.023	1	TRAV5	c21
2.666736343748e-14	-3.56409398045319	0.012	0.451	8.94370034966204e-10	PSMD13	c21
3.41615585907075e-16	-3.56385345034295	0.012	0.492	1.14571035201515e-11	PDCD5	c21
0.00776930073931242	-3.56222800241176	0	0.076	1	KCTD6	c21
0.00726260090198682	-3.56216883572582	0	0.078	1	RRP15	c21
9.6935675971459e-11	-3.56071342932211	0.012	0.363	3.25102870073079e-06	SMIM12	c21
0.0157263551788314	-3.56013028418751	0	0.064	1	SLC25A13	c21
0.579521345326268	3.56011511164831	0.012	0.007	1	CCDC184	c21
0.032184962801696	-3.55997502511525	0	0.051	1	NBPF9	c21
0.0261521363599977	-3.55973586370254	0	0.054	1	ARMH3	c21
0.0181001415330278	-3.55895144528512	0	0.061	1	FAM199X	c21
0.0355893844570175	-3.55854944031349	0	0.049	1	ATP10D	c21
0.0577843427739584	-3.55758379301341	0	0.04	1	KLRC1	c21
0.0887666953751453	-3.55758189821047	0	0.033	1	TNFSF11	c21
0.0718025329835492	-3.55686939394451	0	0.036	1	ERO1B	c21
0.0123552235226462	-3.55590038762611	0	0.068	1	CSTF3	c21
0.0208309286360533	-3.55589582809165	0	0.059	1	VPS18	c21
0.0142230120902338	-3.55576299499274	0	0.065	1	AFDN	c21
0.0249553340945337	-3.5556094814696	0	0.055	1	AC007384.1	c21
0.00535724013892108	-3.55553298734508	0	0.083	1	IFT52	c21
0.0190955604967419	-3.55456386184902	0	0.06	1	SRBD1	c21
0.0289143244566448	-3.5545159725103	0	0.053	1	FASLG	c21
0.0181001415399607	-3.55396800408637	0	0.061	1	INTS9	c21
0.0034193475929702	-3.55350870605841	0	0.091	1	EEF1AKMT1	c21
0.0177403460403583	-3.55337392419944	0	0.061	1	RELT	c21
0.016703156390071	-3.55313044124095	0	0.063	1	GYS1	c21
1.42316616249655e-09	-3.55294878592278	0.012	0.331	4.77301467578093e-05	DNAJC1	c21
0.0330593085934107	-3.55248664447688	0	0.05	1	PRKCA	c21
1.63979390227188e-35	-3.55200061996363	0.116	0.845	5.49954078943944e-31	RPLP2	c21
0.00989969195594295	-3.55198737369495	0	0.072	1	ASNS	c21
0.0151069426613096	-3.55135960647276	0	0.064	1	PIP4K2C	c21
3.02162022830102e-16	-3.55112603828858	0.012	0.493	1.01339099216759e-11	FLOT1	c21
0.0197452384959491	-3.55077916626694	0	0.06	1	MTMR9	c21
0.0175044510151068	-3.55040967873853	0	0.062	1	C1orf109	c21
0.00970203806964578	-3.550185842907	0	0.072	1	ZSCAN16-AS1	c21
0.0177403460607451	-3.55007952455062	0	0.061	1	TRMT10B	c21
0.0155171279797235	-3.54993109584263	0	0.064	1	ZNF692	c21
0.0252915602714434	-3.54982913025837	0	0.055	1	COG3	c21
0.0626771104853847	-3.54879331820242	0	0.039	1	GIMAP8	c21
0.0112473701522374	-3.5482770227612	0	0.07	1	TMEM68	c21
1.24443072262414e-22	-3.54786798858912	0.012	0.612	4.17357175753683e-18	HIGD2A	c21
0.0177403460607451	-3.5477359513573	0	0.061	1	LRRC40	c21
0.00819964846269196	-3.5477030715611	0	0.075	1	LIN7C	c21
0.00976748506912888	-3.54741039433061	0	0.072	1	HMGCL	c21
0.0418110046996038	-3.54724337913236	0	0.046	1	LCLAT1	c21
0.351449224470858	3.54459512807915	0.012	0.005	1	ADAM22	c21
0.00848048111181371	-3.54413435076985	0	0.075	1	NEK2	c21
0.0155171279916198	-3.54377195164574	0	0.064	1	USP21	c21
0.00989969195213267	-3.54365191822389	0	0.072	1	DXO	c21
0.064839834909456	-3.54289935604969	0	0.038	1	KLHL24	c21
0.00386612238781639	-3.54193717804334	0	0.089	1	SKA3	c21
0.0111721150181262	-3.54169782269408	0	0.07	1	ZNF668	c21
9.04662667957784e-33	-3.54169308119135	0.07	0.818	3.03405765579682e-28	RAC2	c21
0.00925589487346277	-3.54120408771518	0	0.073	1	KLHL18	c21
1.88335993612682e-18	-3.5403406381162	0.012	0.537	6.31641255378214e-14	UXT	c21
0.0242962622888324	-3.54033464253874	0	0.056	1	HIST1H2AB	c21
0.0309169408673298	-3.54030185893556	0	0.051	1	TRAF6	c21
0.320442535746016	-3.5400873272806	0	0.011	1	TRAV10	c21
4.5752162197585e-16	-3.53962431050084	0.012	0.489	1.53443601578261e-11	MRPL52	c21
0.0415309754166814	-3.5392929826416	0	0.046	1	PAM	c21
0.0188417013602164	-3.53915150389994	0	0.06	1	SLC35A5	c21
0.00983336872751265	-3.53884736073269	0	0.072	1	AC009403.1	c21
0.0236546289500379	-3.53858881270835	0	0.056	1	MARCH3	c21
0.00746124378200975	-3.53856473735198	0	0.077	1	CWF19L1	c21
0.0154135549522263	-3.53853342317397	0	0.064	1	LMAN2L	c21
5.08742994822558e-13	-3.53814271942992	0.012	0.421	1.7062222560359e-08	HSPA9	c21
0.0213959346906118	-3.53787727109153	0	0.058	1	ANKRA2	c21
0.0187160370066511	-3.53786200896261	0	0.061	1	DTWD1	c21
0.0319700431659262	-3.53697422798225	0	0.051	1	HERC6	c21
0.0108032552485061	-3.5369236143091	0	0.07	1	ASB6	c21
0.0154135549522263	-3.53685630328373	0	0.064	1	SLC35E1	c21
0.0368032418961616	-3.5360706553112	0	0.048	1	HPSE	c21
0.0444192039175854	-3.53548399266579	0	0.045	1	ADPRM	c21
0.0101013284036829	-3.53485220129406	0	0.072	1	MFSD14B	c21
0.0045520347730967	-3.53484939617527	0	0.086	1	WDR4	c21
0.0324013389376561	-3.53475017122152	0	0.051	1	ZBP1	c21
0.0111721150116847	-3.53319505367683	0	0.07	1	SAYSD1	c21
0.0145117908289637	-3.53243108681721	0	0.065	1	THAP2	c21
2.46713319013218e-15	-3.5315815278306	0.012	0.473	8.27427129306532e-11	FLT3LG	c21
0.0190955605003983	-3.53132360143274	0	0.06	1	FBXO2	c21
0.00601083580576155	-3.53107311491047	0	0.081	1	FBXO4	c21
0.00836702598906613	-3.53032092829884	0	0.075	1	TAF9B	c21
0.0152084668783184	-3.52963733040591	0	0.064	1	SLC27A2	c21
0.0183440367870789	-3.52951615654011	0	0.061	1	WWOX	c21
0.0272237050214766	-3.52945224161997	0	0.054	1	NEMP1	c21
0.0211115428663856	-3.52940692504358	0	0.058	1	DROSHA	c21
1.48692237390787e-20	-3.52901197071689	0.012	0.576	4.98684025761222e-16	ATP5IF1	c21
0.00557951074647517	-3.52858388155314	0	0.082	1	GNPNAT1	c21
7.48824916918168e-31	-3.52801954224907	0.058	0.791	2.51140900636015e-26	PSME2	c21
0.0101694393965427	-3.52795483148932	0	0.072	1	RBM15B	c21
0.00782184994239795	-3.52773382756116	0	0.076	1	NDUFAF5	c21
0.0119476694052045	-3.52763274489192	0	0.069	1	TNFAIP1	c21
0.0209707667682407	-3.52757248546373	0	0.058	1	METTL15	c21
4.07693554876317e-16	-3.52658511617106	0.023	0.509	1.36732264434419e-11	HNRNPA0	c21
0.00358672203252785	-3.52643538537901	0	0.09	1	PHYH	c21
6.26095258974028e-10	-3.52634852369041	0.012	0.341	2.0997982795471e-05	ACAT1	c21
1.32203292370173e-27	-3.52398221537846	0.035	0.73	4.43383401951086e-23	SLC25A3	c21
0.016815350509231	-3.52364830872992	0	0.062	1	PTP4A3	c21
0.0293041269454951	-3.52267884961816	0	0.052	1	DAAM1	c21
0.601595604038034	3.52245796181239	0.023	0.016	1	DCUN1D2	c21
0.0083108619454188	-3.52219492306987	0	0.075	1	ING2	c21
0.0222722966628229	-3.52214108360661	0	0.057	1	RCAN2	c21
0.0204169789228663	-3.52168666684103	0	0.059	1	SLC25A35	c21
0.0239732955312697	-3.5213207236945	0	0.056	1	ASB7	c21
0.0165917075807972	-3.52039833274186	0	0.063	1	APOBEC3F	c21
0.0441214183017309	-3.51977827232805	0	0.045	1	SLC35E2A	c21
0.0107309436171319	-3.51940237820331	0	0.071	1	PAAF1	c21
0.0163710259186195	-3.51911014161884	0	0.063	1	GIT1	c21
0.0194827615032455	-3.5186385439916	0	0.06	1	PIGQ	c21
0.0274065379472318	-3.51856436979405	0	0.054	1	RCBTB1	c21
0.00467743749610011	-3.51822228561905	0	0.085	1	ALYREF	c21
0.0401591118300119	-3.51794878707059	0	0.047	1	GIMAP1	c21
0.0126911680361242	-3.51776124798208	0	0.068	1	SNTB2	c21
1.44463006173522e-23	-3.51635006321529	0.023	0.648	4.84500030104759e-19	ARPC5	c21
0.00776930075131075	-3.51592268353619	0	0.076	1	SCCPDH	c21
0.00819964845636515	-3.5155806626077	0	0.075	1	PAQR4	c21
3.71076998731701e-27	-3.51516365449512	0.023	0.704	1.24451803834638e-22	GPSM3	c21
0.00871196979261245	-3.51236545337874	0	0.074	1	TJAP1	c21
0.00702162013228906	-3.51084501030394	0	0.078	1	FAM104B	c21
0.0420929510378199	-3.51029257065196	0	0.046	1	SMAD5	c21
0.784655588520294	3.51008508487612	0.012	0.009	1	NPIPB4	c21
2.7132922522125e-25	-3.50989433417587	0.047	0.697	9.09983955547028e-21	ANXA2	c21
0.00901012690589497	-3.50987564549834	0	0.074	1	GTPBP3	c21
0.0198777976423183	-3.50981561920008	0	0.059	1	ETS2	c21
0.0108032552464291	-3.50881801098282	0	0.07	1	MIEF1	c21
0.026504537670966	-3.50831215965922	0	0.054	1	GALC	c21
0.0138468353483678	-3.50712866508768	0	0.066	1	HEXIM1	c21
0.0152084668666572	-3.50674491267628	0	0.064	1	FAM76B	c21
0.00996645767187083	-3.50637936304534	0	0.072	1	C7orf26	c21
0.0128625223364933	-3.50595492387747	0	0.067	1	AC006449.6	c21
0.0178594787904119	-3.50585774325483	0	0.061	1	ERGIC1	c21
0.0126063420420732	-3.50561653235502	0	0.068	1	FBXO8	c21
3.45966947173521e-25	-3.50358998431383	0.047	0.696	1.16030394743056e-20	PGAM1	c21
0.0212532633514331	-3.5033124310492	0	0.058	1	GOSR2	c21
0.0141280269156321	-3.50205159310773	0	0.066	1	TUBD1	c21
8.38802997083885e-23	-3.50165037547264	0.023	0.636	2.81317749161993e-18	BAX	c21
0.017859478797253	-3.50118663375379	0	0.061	1	TTI1	c21
7.21949408800678e-27	-3.5003531508274	0.035	0.714	2.42127392723571e-22	HNRNPF	c21
1.58219030447818e-23	-3.49992873526634	0.023	0.648	5.30634984315892e-19	RHOG	c21
0.0311247282938635	-3.49980805134112	0	0.051	1	NSUN6	c21
0.0459390947935702	-3.49962516917262	0	0.044	1	BTN2A2	c21
0.0190955604894292	-3.49942725307918	0	0.06	1	KHNYN	c21
1.488770045031e-12	-3.49920410454089	0.012	0.409	4.99303697702497e-08	PNN	c21
0.0370509933415346	-3.49743972026842	0	0.048	1	RABGAP1	c21
0.0192237667309166	-3.49600263688047	0	0.06	1	N6AMT1	c21
0.0106591112304668	-3.49570997166183	0	0.071	1	CRADD	c21
0.00706917679593196	-3.49558338637116	0	0.078	1	PDSS1	c21
0.0418110046915675	-3.49534982925605	0	0.046	1	PIK3C2A	c21
0.0202808297242341	-3.49511947634664	0	0.059	1	SIMC1	c21
0.00919383862860018	-3.49501858141117	0	0.073	1	TATDN3	c21
0.0093812523173591	-3.49445520867367	0	0.073	1	RXYLT1	c21
0.00888967298925444	-3.49332140182533	0	0.074	1	TRIP10	c21
0.0344159729925267	-3.49195593096273	0	0.05	1	NRF1	c21
4.73830240711918e-13	-3.49138148291248	0.012	0.421	1.58913186129963e-08	HLA-DRB5	c21
0.0132121473498416	-3.49083547976787	0	0.067	1	KANSL1-AS1	c21
0.0283393734920795	-3.49048581284464	0	0.053	1	MYO1E	c21
0.0274065379472318	-3.49028374307391	0	0.054	1	LY96	c21
0.0353515118620531	-3.48988236318988	0	0.049	1	POLG2	c21
0.0415309754406265	-3.48985875772273	0	0.046	1	EXOC8	c21
2.77458822991909e-30	-3.48953816316227	0.081	0.79	9.30541400550266e-26	EEF1B2	c21
0.0103070276469105	-3.48946243615861	0	0.071	1	NSMCE3	c21
0.0213959346455573	-3.48933456241023	0	0.058	1	XRCC4	c21
9.47396532594118e-14	-3.48925792651562	0.012	0.438	3.17737849101415e-09	RCSD1	c21
0.0265045376760407	-3.48869852976772	0	0.054	1	CLU	c21
0.00957244246928875	-3.48866962180272	0	0.073	1	PPOX	c21
2.48018837267105e-25	-3.48556244207935	0.023	0.675	8.31805576426417e-21	TAP1	c21
1.18260043403339e-10	-3.4850782066033	0.012	0.361	3.96620533566118e-06	PPT1	c21
0.0277759122065469	-3.48452367217711	0	0.053	1	ZSWIM8	c21
0.00996645766803515	-3.48341008259498	0	0.072	1	CDC7	c21
0.0348805744792909	-3.48327061697588	0	0.049	1	MFN1	c21
1.46779595228254e-19	-3.48273024499383	0.012	0.558	4.92269406476519e-15	DRAP1	c21
0.0266825215660828	-3.48183613580936	0	0.054	1	ZC3H6	c21
5.44937782979405e-37	-3.48182998988658	0.116	0.866	1.82761233655633e-32	RPS7	c21
1.28376708224291e-21	-3.4816182033324	0.012	0.595	4.30549804042627e-17	DNAJA1	c21
0.0208309286599804	-3.48127583279423	0	0.059	1	BCR	c21
0.184801397435678	-3.4807301487746	0	0.02	1	ADAM28	c21
0.0177403460675407	-3.48014125537989	0	0.061	1	TMEM184C	c21
4.84139685276317e-17	-3.47977812172276	0.012	0.51	1.62370767647971e-12	CISD3	c21
4.562147863858e-18	-3.4796342945688	0.012	0.53	1.5300531505807e-13	CCT6A	c21
0.101197220516871	-3.47857624590702	0	0.03	1	FHIT	c21
0.0317565698916195	-3.47848509393018	0	0.051	1	TDRD3	c21
7.97423285429181e-07	-3.47757033191205	0.035	0.276	0.0267439821467239	GZMA	c21
0.026504537650667	-3.47731831053224	0	0.054	1	LINC00662	c21
0.0285297353977349	-3.47726292578474	0	0.053	1	B4GALT4	c21
4.44942010250029e-16	-3.4770663298455	0.012	0.489	1.49224651397655e-11	IER2	c21
0.0138468353377436	-3.47697719626962	0	0.066	1	DCP1B	c21
0.0268617052027144	-3.47472037913673	0	0.054	1	FEM1B	c21
2.25809267996548e-08	-3.47460800734343	0.012	0.296	0.000757319123006824	VSIR	c21
0.0168153505060095	-3.47455246253906	0	0.062	1	GALNT11	c21
0.0346474873105388	-3.47413945337883	0	0.049	1	HIST1H2BF	c21
0.0313339223650495	-3.47410762275042	0	0.051	1	ITPRIP	c21
4.3421877150843e-34	-3.47370659161186	0.058	0.839	1.45628291588497e-29	HLA-E	c21
0.0800895923410857	-3.47310430016316	0	0.034	1	TRGV10	c21
2.62969103057715e-24	-3.47268288713648	0.023	0.66	8.81945777834963e-20	BST2	c21
0.0110230977954495	-3.47241490921771	0	0.07	1	FBXL12	c21
0.0151069426555177	-3.4721012811399	0	0.064	1	SLC20A2	c21
0.00848048110527314	-3.4720983413566	0	0.075	1	B3GNTL1	c21
0.0127765601880338	-3.47207879447787	0	0.067	1	DUSP28	c21
0.0713151241457127	-3.4719940253644	0	0.036	1	ZBTB40	c21
0.0581766453460542	-3.47182382410592	0	0.04	1	EPHB6	c21
3.80159349410925e-07	-3.47180910559437	0.012	0.257	0.0127497842605436	TNFSF10	c21
2.34615699402008e-20	-3.47151260924655	0.023	0.593	7.86854132654454e-16	LMAN2	c21
0.0177403460573473	-3.47139766269703	0	0.061	1	TCP11L1	c21
0.0353515118756149	-3.47120572991375	0	0.049	1	ODR4	c21
0.0254613728523768	-3.47120397350208	0	0.055	1	CMIP	c21
0.00731176694422041	-3.47116348859172	0	0.077	1	MTFR1L	c21
0.0300996639808262	-3.47096586388151	0	0.052	1	ZGRF1	c21
4.08669650958161e-27	-3.47073616268019	0.035	0.722	1.37059627538348e-22	PPP1CA	c21
0.279461348871974	3.47046746544671	0.012	0.004	1	SLC27A1	c21
4.24019350403035e-40	-3.47038327947117	0.407	0.944	1.4220760973817e-35	TMSB10	c21
8.57443427308138e-16	-3.47012312929574	0.012	0.484	2.87569376650603e-11	GADD45GIP1	c21
1.30521524173607e-26	-3.46957932585133	0.035	0.714	4.37743087773442e-22	RPL7	c21
0.0247889050227221	-3.46956421795186	0	0.055	1	KMT5B	c21
9.67352007377508e-14	-3.46921124610321	0.012	0.438	3.24430516234268e-09	RBBP4	c21
1.22800985379874e-11	-3.46907663338125	0.023	0.405	4.11849944767022e-07	SPTAN1	c21
0.0146093391247953	-3.46874950526779	0	0.065	1	PFKFB3	c21
1.1548865030887e-28	-3.46826383980396	0.047	0.759	3.87325835405889e-24	ATP5MG	c21
0.0298987651210452	-3.46719758309833	0	0.052	1	FBXO38	c21
5.61471817287488e-45	-3.46706731020166	0.209	0.957	1.88306418081878e-40	HLA-C	c21
0.0121905736427021	-3.46618030710785	0	0.068	1	MED20	c21
0.0153106694501928	-3.46615138540728	0	0.064	1	ADCK5	c21
4.23959588326197e-11	-3.46531616645025	0.012	0.373	1.4218756673284e-06	DNAJA2	c21
0.0111721150224205	-3.46471968273029	0	0.07	1	RAP2C	c21
1.47672731222956e-31	-3.46466175624361	0.07	0.807	4.95264805975551e-27	RPL13A	c21
0.0126063420227133	-3.46462811982224	0	0.068	1	TMEM127	c21
0.0409766136289696	-3.46442914438222	0	0.046	1	BEX4	c21
0.0675371200922283	-3.46435475336006	0	0.037	1	PLEKHA1	c21
0.79496977993407	3.46404636374327	0.012	0.009	1	TRIM7	c21
0.028529735419591	-3.46373185210546	0	0.053	1	CERS4	c21
0.489757287362635	3.46365538350823	0.012	0.006	1	THBS3	c21
0.012949058255486	-3.463483643313	0	0.067	1	UFSP2	c21
0.0201455871793235	-3.46300020058795	0	0.059	1	SSFA2	c21
0.0398903026356816	-3.46223797515627	0	0.047	1	RANBP6	c21
0.056242090634407	-3.46191627595903	0	0.041	1	PIK3AP1	c21
0.0132121473422358	-3.45986419154662	0	0.067	1	KIF18A	c21
0.01922376674564	-3.45925300920687	0	0.06	1	TMCO6	c21
0.265211903486426	3.45910169214723	0.012	0.004	1	CAPS	c21
0.0222722966670864	-3.45728562773832	0	0.057	1	GALNT10	c21
0.0154135549610893	-3.45703276539095	0	0.064	1	RAB21	c21
0.0196135617857445	-3.45657058455094	0	0.06	1	CHRM3-AS2	c21
0.0233402040754634	-3.45654485124751	0	0.057	1	TCF20	c21
0.0263277453352016	-3.45631030391273	0	0.054	1	PTPN23	c21
0.00808990482780359	-3.45532738365304	0	0.076	1	SLC5A6	c21
0.0324013389376561	-3.45451550005434	0	0.051	1	AREL1	c21
1.04681722980395e-13	-3.4540973950853	0.012	0.437	3.51081562531648e-09	HSPB1	c21
0.0140336718628219	-3.45359405501585	0	0.066	1	AC067852.2	c21
0.00957244247113163	-3.45353175046477	0	0.073	1	SLC25A4	c21
0.0456309385623452	-3.45318928888839	0	0.044	1	F5	c21
0.016591707583976	-3.45280085805613	0	0.063	1	NR1D1	c21
3.04125558392287e-25	-3.45098352126178	0.035	0.692	1.01997629773605e-20	DBI	c21
0.0407022542328555	-3.45097381351187	0	0.047	1	UBASH3B	c21
2.47834207828965e-16	-3.45049963915639	0.023	0.514	8.31186366216784e-12	NAP1L1	c21
0.0157263551728036	-3.45047661847087	0	0.064	1	STK19	c21
9.03291676032841e-21	-3.45018316928913	0.012	0.58	3.02945962307894e-16	EID1	c21
0.0351152456058733	-3.45012333300229	0	0.049	1	TNFRSF9	c21
0.020011245161945	-3.4497076140083	0	0.059	1	USP45	c21
4.14175619796278e-30	-3.44948903590861	0.047	0.776	1.38906219367276e-25	RHOA	c21
0.0189682072980909	-3.44941941230374	0	0.06	1	FUBP3	c21
0.0298987651267729	-3.44939640645502	0	0.052	1	RPAP1	c21
2.34215180248506e-35	-3.44799110150929	0.291	0.895	7.85510871517441e-31	FTL	c21
0.00683452814913346	-3.44640833697903	0	0.079	1	NUDT8	c21
0.0287213827650032	-3.44582617388913	0	0.053	1	MTRF1	c21
1.42541594814336e-33	-3.44524278592748	0.105	0.826	4.7805600068832e-29	CLIC1	c21
0.02153956332358	-3.44498885162582	0	0.058	1	HIST1H2BH	c21
0.0279624706546961	-3.44456400895699	0	0.053	1	LEMD2	c21
0.00736126131843658	-3.44455459016993	0	0.077	1	BABAM2	c21
0.00836702599713391	-3.44388263712594	0	0.075	1	SLC31A1	c21
0.0121905736520656	-3.44346619570975	0	0.068	1	CDCA7L	c21
1.97364222276335e-47	-3.44337853787627	0.663	0.986	6.61920128670373e-43	ACTB	c21
0.045630938571128	-3.44111859163361	0	0.044	1	SCAMP1	c21
6.53984288956845e-42	-3.44054904990248	0.256	0.928	2.19333250830347e-37	ACTG1	c21
3.537376610973e-41	-3.44034723811375	0.256	0.912	1.18636536778813e-36	RPS3	c21
0.00702162014586331	-3.43933498162639	0	0.078	1	BCS1L	c21
0.0147075390158012	-3.43849624740709	0	0.065	1	TMBIM4	c21
0.0247889050322132	-3.43812652419572	0	0.055	1	PLCD1	c21
0.012272624804704	-3.43748694510702	0	0.068	1	UBE2H	c21
0.0618329652248648	-3.43700077105394	0	0.039	1	LINC01550	c21
0.0112473701543988	-3.43679426371735	0	0.07	1	SNX11	c21
0.012272624776426	-3.43659751562776	0	0.068	1	RAVER1	c21
0.0501436724770949	-3.43613328242205	0	0.043	1	MFAP3	c21
0.0346474873105388	-3.43420838373937	0	0.049	1	ELOVL4	c21
0.00651887130574772	-3.43419479279432	0	0.079	1	PPP1R14B	c21
0.0358288747052241	-3.43410377954906	0	0.049	1	SGK1	c21
0.0160454692912681	-3.43405293966246	0	0.063	1	TRIM59	c21
0.0291085695112592	-3.43344135971152	0	0.053	1	USP19	c21
0.0360699940278271	-3.43258217596333	0	0.049	1	ASH1L-AS1	c21
4.61872534383354e-09	-3.43241386809353	0.023	0.334	0.000154902810581489	HPGD	c21
1.3146737705942e-16	-3.4317690568393	0.012	0.501	4.40915289181883e-12	HSPE1	c21
3.98284265171248e-26	-3.4307984645224	0.047	0.711	1.33576576853133e-21	COX5A	c21
0.0115534455941763	-3.43051294389428	0	0.069	1	HDGFL3	c21
0.0321849628078645	-3.4289191345365	0	0.051	1	ZNF766	c21
0.0265045376811155	-3.42854924712708	0	0.054	1	SLC36A4	c21
0.0363127539471589	-3.42747616051014	0	0.049	1	HEXA	c21
0.032184962814033	-3.42714438644233	0	0.051	1	ERMP1	c21
0.0562420907105198	-3.42696123817599	0	0.041	1	TOM1L2	c21
0.0212532633514331	-3.42640041217889	0	0.058	1	FOSL2	c21
0.979178320146821	3.42616038626785	0.012	0.012	1	CEP70	c21
0.0388331767206507	-3.42604900630997	0	0.047	1	ZFP90	c21
5.15676771824833e-15	-3.42563251279948	0.012	0.466	1.72947675734613e-10	TLN1	c21
0.0283393734812247	-3.42549449695135	0	0.053	1	PRKAG2	c21
0.0937922907338373	-3.42483921686875	0	0.032	1	FXYD7	c21
0.007069176793199	-3.42460325195001	0	0.078	1	SPRYD7	c21
0.0132121473397005	-3.42456126369988	0	0.067	1	TMEM186	c21
0.0138468353457117	-3.42452406849376	0	0.066	1	METTL22	c21
0.0109493291013774	-3.42429919850512	0	0.07	1	GNGT2	c21
0.0188417013530006	-3.42422722491293	0	0.06	1	FLVCR1-DT	c21
0.0132121473397005	-3.424188334534	0	0.067	1	AGFG1	c21
0.0103070276667366	-3.42319121699356	0	0.071	1	ATPAF2	c21
0.0221237824740417	-3.42279504468383	0	0.057	1	CLK2	c21
0.0165917075712607	-3.42132140524662	0	0.063	1	NCOA6	c21
0.040976613644717	-3.42123350602772	0	0.046	1	SOCS3	c21
0.0105168715512982	-3.42112957116566	0	0.071	1	MRPL38	c21
0.0998062680608822	-3.42086932806526	0	0.031	1	MRNIP	c21
0.0398903026280195	-3.4208355611161	0	0.047	1	KCTD7	c21
0.0518636172404943	-3.41972342321339	0	0.042	1	ABRAXAS1	c21
3.29269836247102e-24	-3.41885266000008	0.023	0.66	1.10430517680553e-19	COX5B	c21
1.97001346186693e-13	-3.41778724137445	0.035	0.464	6.6070311484093e-09	SELL	c21
0.0076137348909119	-3.41764688738632	0	0.077	1	SPRYD4	c21
0.00674283414237351	-3.41719760601786	0	0.079	1	RPP25	c21
0.0077171000327316	-3.41658914570372	0	0.076	1	CETN3	c21
1.51913862874573e-11	-3.41652317734475	0.012	0.384	5.09488713308745e-07	PSIP1	c21
0.0175044510084011	-3.4160756541772	0	0.062	1	PIGB	c21
1.03346522387819e-34	-3.4158923250552	0.116	0.846	3.46603566784266e-30	RPL12	c21
0.0337307580303952	-3.41485329700497	0	0.05	1	ZC3H11A	c21
0.0328385015410513	-3.41387818017205	0	0.05	1	WDR3	c21
0.0423768281166152	-3.41356076968942	0	0.046	1	ABCG1	c21
8.97381253032383e-30	-3.41281065321476	0.047	0.765	3.00963724642001e-25	TPM3	c21
1.07736635229365e-11	-3.41266476340125	0.012	0.388	3.61327127232245e-07	PTP4A2	c21
0.0104464579492836	-3.41236905982752	0	0.071	1	C9orf85	c21
0.030301921466692	-3.41216925974876	0	0.052	1	ZNF557	c21
0.0370509933415346	-3.41127672161648	0	0.048	1	MBOAT1	c21
0.0205540410196335	-3.41081134619879	0	0.059	1	C12orf4	c21
0.0204169789502275	-3.4103121331852	0	0.059	1	LIG3	c21
0.028529735414127	-3.40941841211972	0	0.053	1	RCOR1	c21
0.0258044361390249	-3.40835656362392	0	0.055	1	MOB3C	c21
0.0115534455875172	-3.40812185633039	0	0.069	1	NUP35	c21
4.45036316208332e-27	-3.40799357361507	0.035	0.723	1.4925627972995e-22	UBB	c21
2.18496029688495e-15	-3.40751470885719	0.012	0.475	7.32791984369274e-11	BATF	c21
0.0287213827705041	-3.40702754796963	0	0.053	1	ARHGAP31	c21
0.0358288747258443	-3.40586036059757	0	0.049	1	IFFO1	c21
0.0727877420201792	-3.40573214210151	0	0.036	1	PPP1R3E	c21
0.00504007812878984	-3.40534706157715	0	0.084	1	COPRS	c21
0.0093812523083265	-3.40519712524898	0	0.073	1	ARL8A	c21
0.0163710259280297	-3.40495424868669	0	0.063	1	RCN1	c21
0.0242962622841813	-3.40423013381707	0	0.056	1	SLC26A6	c21
0.0296992155320502	-3.40403631501691	0	0.052	1	ALOX12-AS1	c21
0.0277759122065469	-3.40372803915578	0	0.053	1	PHF13	c21
1.01892504571107e-11	-3.40348716756979	0.012	0.389	3.41727081830578e-07	TIMM13	c21
0.0256323288508332	-3.4034655881354	0	0.055	1	ZNF200	c21
0.0189682072980909	-3.4030798228535	0	0.06	1	RMI1	c21
0.0171564551789103	-3.40262247189225	0	0.062	1	ZNF408	c21
1.79999637176941e-29	-3.40235139764976	0.047	0.768	6.03682783164023e-25	LCP1	c21
0.0311247283057914	-3.40201234155527	0	0.051	1	PROSER3	c21
0.0183440367905919	-3.4018196397129	0	0.061	1	CSNK2A2	c21
0.0147075390327206	-3.40169874361835	0	0.065	1	GFM2	c21
0.00913219368529074	-3.40134586183851	0	0.073	1	ARRB1	c21
3.77892266871477e-19	-3.4012160158856	0.012	0.551	1.26737508463356e-14	RAD23A	c21
0.0133010171460678	-3.40108692966603	0	0.067	1	C11orf71	c21
0.0160454692943428	-3.40047603636763	0	0.063	1	PAK1	c21
0.0251228832637221	-3.4003633369242	0	0.055	1	GABPB2	c21
0.0115534455852975	-3.39966921072697	0	0.069	1	KMT5A	c21
0.00853777717691851	-3.39952113027941	0	0.075	1	RNASEH1-AS1	c21
0.0206920221740256	-3.39883206696103	0	0.059	1	C16orf70	c21
1.84676845236062e-11	-3.39836680745579	0.012	0.382	6.19369203552705e-07	ADIPOR1	c21
2.16999262862016e-24	-3.39828384509819	0.035	0.68	7.27772127786629e-20	PPDPF	c21
0.00907095735938351	-3.39731240308396	0	0.074	1	UBE2V1	c21
0.0657263464082423	-3.39723955484937	0	0.038	1	ARMH1	c21
0.134777077213769	-3.39661549890595	0	0.025	1	GGT7	c21
9.87119718225742e-19	-3.39616370791571	0.012	0.543	3.3106021109855e-14	SNRPC	c21
0.0126063420227133	-3.39609047706797	0	0.068	1	SIAH1	c21
6.66318347219985e-23	-3.39539480043007	0.023	0.638	2.23469847290638e-18	NOP10	c21
0.0275906041695418	-3.39412217900527	0	0.054	1	LYSMD3	c21
0.0162617831547406	-3.39390566351504	0	0.063	1	HECTD3	c21
3.01352436157909e-30	-3.39377611591355	0.047	0.782	1.0106758003864e-25	LIMD2	c21
0.0370509933770864	-3.39295083153102	0	0.048	1	WASL	c21
0.0149059111602705	-3.39295080429398	0	0.065	1	RPUSD2	c21
0.0188417013638243	-3.39227804152874	0	0.06	1	TMCO4	c21
0.0117095637863847	-3.39020381394307	0	0.069	1	GALNT1	c21
0.0293041269511082	-3.39006311730051	0	0.052	1	ADAT1	c21
0.0450209231939672	-3.38954371180302	0	0.045	1	HRH2	c21
0.0117884050511663	-3.38931979241939	0	0.069	1	FAM118B	c21
0.0363127539610933	-3.38830329888909	0	0.049	1	PRPF39	c21
1.34813712635974e-31	-3.38819612355036	0.081	0.81	4.5213822943853e-27	UBA52	c21
8.64252699686351e-34	-3.38746797193962	0.105	0.846	2.89853070420808e-29	RPS5	c21
0.0183440367730271	-3.38659959830293	0	0.061	1	PANK4	c21
0.01659170759987	-3.38656497174394	0	0.063	1	XKR8	c21
0.0626771104246176	-3.38604429602987	0	0.039	1	ZNF708	c21
0.0103765110057159	-3.38554592464531	0	0.071	1	HASPIN	c21
0.336570766944669	-3.38516402204453	0	0.011	1	TRBV28	c21
0.0215395633153334	-3.38474953408453	0	0.058	1	ZNF714	c21
0.0727877420059947	-3.3841467738548	0	0.036	1	HKR1	c21
0.0228763942630815	-3.38370268264153	0	0.057	1	PEX3	c21
0.0190955605077111	-3.38342383205535	0	0.06	1	TRAPPC2B	c21
4.23627511669624e-15	-3.38339446222121	0.012	0.469	1.42076194863759e-10	KHDRBS1	c21
0.42170077780735	3.38328765295262	0.012	0.005	1	LBX2	c21
7.01147292318244e-32	-3.38318131694811	0.035	0.785	2.35150778897693e-27	LDHB	c21
0.0239732955496265	-3.38259089180072	0	0.056	1	HDAC10	c21
0.0135712022575307	-3.38256583269678	0	0.066	1	WARS2	c21
0.00901012690415904	-3.38224429027449	0	0.074	1	APOPT1	c21
0.0547420286973331	-3.3815992150736	0	0.041	1	DOPEY2	c21
0.0291085695168346	-3.38047199718048	0	0.053	1	RNF31	c21
0.0256323288606479	-3.37979360892122	0	0.055	1	SSH1	c21
0.0339576192266102	-3.3793682759762	0	0.05	1	RELL1	c21
0.0300996639808262	-3.37909136406032	0	0.052	1	MIR3142HG	c21
0.0221237824782768	-3.37841458307286	0	0.057	1	TMEM234	c21
0.0375515705004778	-3.37832003133753	0	0.048	1	TRIM35	c21
3.82787998610196e-23	-3.37825314914308	0.035	0.656	1.28379438973887e-18	TALDO1	c21
0.0566236496747072	-3.37747808926526	0	0.041	1	FEZ1	c21
1.24570811105022e-34	-3.37742675445354	0.093	0.848	4.17785586284023e-30	MYL12A	c21
0.0105877549385084	-3.37725189917626	0	0.071	1	C11orf1	c21
0.027042096915168	-3.37707872264336	0	0.054	1	DSE	c21
0.0208309286400411	-3.37695537019547	0	0.059	1	AP4M1	c21
2.88986611617778e-28	-3.37666066617357	0.058	0.763	9.69203298043704e-24	CALR	c21
0.0326191817577426	-3.37603386422992	0	0.05	1	ELMOD2	c21
0.0918735132026005	-3.37602982473215	0	0.032	1	PDK1	c21
5.65093544767812e-35	-3.37507001668203	0.093	0.854	1.89521073044229e-30	EMP3	c21
1.55778787329724e-34	-3.3747385472164	0.081	0.855	5.22450896946428e-30	FXYD5	c21
0.0321849628078645	-3.37437527555273	0	0.051	1	SCLY	c21
3.36675852026685e-09	-3.37411137865867	0.012	0.32	0.00011291434725271	VBP1	c21
0.0265045376811155	-3.37392953826435	0	0.054	1	UTP25	c21
0.0133010171307548	-3.37281609397946	0	0.067	1	HS1BP3	c21
0.038315302306624	-3.36973195926649	0	0.048	1	PDZD8	c21
3.0779021670487e-11	-3.36972117538438	0.012	0.376	1.03226682878479e-06	RARRES3	c21
0.0388331767579333	-3.36951227983089	0	0.047	1	PIGN	c21
0.00621759297954885	-3.36940991239117	0	0.08	1	MRPL23	c21
0.0145117908206158	-3.36940748032624	0	0.065	1	RDH10	c21
0.00792800307214065	-3.36937702405678	0	0.076	1	NLE1	c21
0.0753126377596783	-3.36854345493618	0	0.036	1	BMT2	c21
0.0175044510050483	-3.36822715274054	0	0.062	1	TCEANC2	c21
8.48556879637811e-09	-3.36805059816782	0.012	0.308	0.000284589006292929	HPS1	c21
0.058969478722517	-3.36804093079835	0	0.04	1	BRWD3	c21
0.058969478722517	-3.36772014473661	0	0.04	1	INPP5F	c21
0.0247889050179765	-3.36741159351563	0	0.055	1	ZNF3	c21
8.6438333906029e-36	-3.36484793684187	0.151	0.863	2.8989688425404e-31	RPS14	c21
0.123858081709514	-3.36481671776174	0	0.027	1	TRGV4	c21
8.58310464282667e-32	-3.36462885468161	0.07	0.814	2.87860163511121e-27	RPL4	c21
0.01178840503758	-3.36456650218672	0	0.069	1	NFS1	c21
0.0931480550486872	-3.36448565583222	0	0.032	1	ZBED6	c21
0.0208309286400411	-3.36444265192063	0	0.059	1	TTC33	c21
0.0540074347221275	-3.3637586332269	0	0.041	1	DBN1	c21
0.0231845642611182	-3.36326346328191	0	0.057	1	WDR62	c21
0.0222722966756134	-3.36280203429196	0	0.057	1	HNRNPUL2	c21
0.00907095735414104	-3.36171717911593	0	0.074	1	MAK16	c21
0.0317565698794478	-3.36130117212412	0	0.051	1	UTP20	c21
4.49964191638074e-17	-3.36114505623202	0.012	0.51	1.50908990591577e-12	NUDT21	c21
0.00490511737014374	-3.36102737411154	0	0.085	1	PSMC3IP	c21
0.0145117908289637	-3.36092702477415	0	0.065	1	HINT3	c21
0.0256323288410186	-3.36078053439876	0	0.055	1	FAM117A	c21
0.0401591118377263	-3.36053765917041	0	0.047	1	RAB34	c21
6.25533819246855e-35	-3.35999842022306	0.151	0.864	2.0979153229901e-30	RPS2	c21
0.0204169789463187	-3.35971519011099	0	0.059	1	TADA2A	c21
0.0450209231766404	-3.35935549240789	0	0.045	1	COG6	c21
0.048156392367114	-3.35929027955675	0	0.043	1	XRRA1	c21
0.0201455871754666	-3.35825830272274	0	0.059	1	RMND5A	c21
0.0160454692881934	-3.35811676895833	0	0.063	1	LRRCC1	c21
3.94773557084839e-30	-3.35771491123201	0.058	0.788	1.32399155575113e-25	BTF3	c21
4.86625767276469e-11	-3.35765595510391	0.012	0.371	1.63204549829182e-06	CD38	c21
0.0256323288557405	-3.3573459894252	0	0.055	1	GFI1	c21
0.0188417013674323	-3.35680713436769	0	0.06	1	ERCC4	c21
1.40214998738262e-10	-3.35679968385587	0.012	0.359	4.70253062768382e-06	NQO1	c21
0.0309169408554821	-3.35643161494643	0	0.051	1	CCNI2	c21
0.0167031563964711	-3.35583798458241	0	0.063	1	UQCC1	c21
0.0358288747052241	-3.3555811913861	0	0.049	1	RBM41	c21
0.0305055470728654	-3.354957459468	0	0.052	1	MTA3	c21
1.5586268771328e-29	-3.3548844124325	0.279	0.891	5.22732282052799e-25	LTB	c21
6.14636577461269e-21	-3.35430276895011	0.012	0.583	2.0613681534896e-16	PHB2	c21
0.0562420906996465	-3.35403358167019	0	0.041	1	ACTR3C	c21
0.0261521363599977	-3.35392927431477	0	0.054	1	DBF4B	c21
0.0488097287918791	-3.35374893929667	0	0.043	1	LIMS2	c21
0.0230299633408945	-3.35325858307917	0	0.057	1	CRYL1	c21
0.0225723235955457	-3.35261837462854	0	0.057	1	PRIMPOL	c21
0.0204169789502275	-3.35252051780838	0	0.059	1	DARS2	c21
0.0459390947670406	-3.35191657054105	0	0.044	1	ZNF92	c21
0.115485647662291	-3.35130262485951	0	0.028	1	ZNF506	c21
0.00814459413083151	-3.35048481576163	0	0.075	1	CTU2	c21
0.0119476694029098	-3.35024281945416	0	0.069	1	FAM83D	c21
0.124730496929169	-3.35008673451628	0	0.027	1	CYSLTR1	c21
0.0244593766896461	-3.35005118921036	0	0.056	1	FOXK2	c21
0.0133010171409634	-3.349909527873	0	0.067	1	AC004865.2	c21
0.0554868633701161	-3.34975217242997	0	0.041	1	LPAR5	c21
0.310240920928682	-3.34968741910826	0	0.012	1	TRAV27	c21
1.75388947560931e-21	-3.34878308544926	0.035	0.627	5.8821945232985e-17	BTG1	c21
0.0385733592978412	-3.34875591613098	0	0.047	1	TRAPPC10	c21
0.000534575164360372	-3.34828142839124	0.012	0.144	1	SESN3	c21
0.0209707667682407	-3.34816298933483	0	0.058	1	TPK1	c21
0.0305055471137772	-3.34723754516945	0	0.052	1	SLFN11	c21
0.0577843427851376	-3.34597128112819	0	0.04	1	CYB561	c21
1.30723658821596e-25	-3.34548664341442	0.035	0.685	4.38421006955868e-21	PRDX2	c21
5.62669596663379e-33	-3.3443115766732	0.093	0.831	1.88708129328964e-28	EIF1	c21
0.0215395633194567	-3.34408613075518	0	0.058	1	TMEM38B	c21
0.0103765110176909	-3.34380291588246	0	0.071	1	POLE2	c21
7.56503697498589e-10	-3.34376047865484	0.012	0.339	2.53716210067077e-05	HAGH	c21
0.0554868634130106	-3.34362142175177	0	0.041	1	TSPYL2	c21
2.11053567534419e-22	-3.34270900584986	0.023	0.629	7.07831454796936e-18	HNRNPDL	c21
0.0246235884059868	-3.34225098308448	0	0.056	1	RARS2	c21
0.0307105503589361	-3.34221129535175	0	0.052	1	ZBED6CL	c21
0.0353515118417104	-3.34147502863598	0	0.049	1	ST7L	c21
0.0268617052078578	-3.34141766072136	0	0.054	1	POMC	c21
2.75830507652419e-19	-3.34056344039535	0.047	0.598	9.25080356564684e-15	TUBB4B	c21
0.0231845642699945	-3.33967575279181	0	0.057	1	VIPAS39	c21
4.97369535979893e-19	-3.3389515030033	0.035	0.584	1.66807794976936e-14	SH2D2A	c21
5.11614295237406e-12	-3.33887450109087	0.012	0.397	1.71585202336721e-07	H2AFX	c21
0.0171564551723374	-3.33872507684052	0	0.062	1	RAD54L2	c21
0.00970203806964578	-3.33853516057667	0	0.072	1	SMIM4	c21
0.0412528495537849	-3.3381269643112	0	0.046	1	EHBP1	c21
0.0313339223590453	-3.33767174623992	0	0.051	1	AC006504.5	c21
0.0131238668755029	-3.33761268087493	0	0.067	1	B9D2	c21
0.0484819379643894	-3.3357833297682	0	0.043	1	ATG2A	c21
0.0693995153348763	-3.33541635488608	0	0.037	1	PDLIM1	c21
0.0346474872972496	-3.33538332228057	0	0.049	1	LCORL	c21
0.134777077349861	-3.33497581966523	0	0.025	1	IGFBP7	c21
0.143650342967228	-3.3343576414526	0	0.024	1	BLK	c21
0.011023097801806	-3.33401473241795	0	0.07	1	C9orf64	c21
0.0128625223266184	-3.33293340704808	0	0.067	1	PGAP2	c21
0.0315445329279627	-3.33147588187607	0	0.051	1	AL450998.2	c21
1.6227266817675e-35	-3.33139628527774	0.128	0.856	5.44230074531184e-31	RPS24	c21
0.016045469303567	-3.33125039093697	0	0.063	1	DOLPP1	c21
0.0208309286320654	-3.33087526424269	0	0.059	1	FAM214B	c21
5.45356782968706e-30	-3.33052097633636	0.058	0.782	1.82901757872045e-25	PRDX1	c21
0.0187160370030672	-3.33047920056644	0	0.061	1	TMEM159	c21
0.124730496879102	-3.33006766595593	0	0.027	1	LGMN	c21
5.51670884222809e-09	-3.32981406342863	0.012	0.314	0.000185019381150646	SEC14L1	c21
7.95667167161833e-10	-3.32912114683426	0.012	0.338	2.66850854522736e-05	GIMAP4	c21
0.0311247283117553	-3.32902642707865	0	0.051	1	MAGEH1	c21
0.0378044201793659	-3.3283893533666	0	0.048	1	SLC17A5	c21
0.0159383884946173	-3.32727968409076	0	0.063	1	TRAF3IP2	c21
0.0107309436130054	-3.32648388461569	0	0.071	1	TXNL4B	c21
0.0105877549201843	-3.32627206781043	0	0.071	1	MYPOP	c21
1.15024901221122e-12	-3.32584029188154	0.012	0.412	3.857705137154e-08	ATRAID	c21
0.0351152456126084	-3.32522605213795	0	0.049	1	FTO	c21
4.22046727740532e-20	-3.32515364561007	0.023	0.59	1.41546031549619e-15	SAP18	c21
0.0426626497851493	-3.32437095486813	0	0.046	1	ZBTB48	c21
0.0110973586666207	-3.32412197801336	0	0.07	1	ARL13B	c21
0.0154135549404089	-3.32393136269925	0	0.064	1	ZNF414	c21
0.0117095637796365	-3.32386802135576	0	0.069	1	TMEM99	c21
0.02153956332358	-3.32374204886433	0	0.058	1	SLC25A44	c21
0.0287213827485004	-3.32368540604123	0	0.053	1	IQCG	c21
0.0315445329581873	-3.32278987570826	0	0.051	1	GEMIN5	c21
2.65015794891163e-22	-3.32241971975375	0.035	0.639	8.88809972905982e-18	UQCRH	c21
1.36612787377712e-09	-3.32214277078107	0.012	0.331	4.58171966307371e-05	ADGRE5	c21
0.0126911680190713	-3.32208667016012	0	0.068	1	CNOT11	c21
9.57698275704331e-12	-3.32108997372326	0.012	0.389	3.21192847705718e-07	TIAL1	c21
3.68384870152186e-10	-3.31988883535347	0.012	0.347	1.2354891775164e-05	NCKAP1L	c21
0.300448825015632	-3.31976295989762	0	0.012	1	NEB	c21
1.75129597151627e-20	-3.31918014761555	0.012	0.575	5.87349642927127e-16	ARPC5L	c21
9.60985196559671e-21	-3.31909989698901	0.023	0.599	3.22295215222182e-16	SNRPB	c21
0.0298987651382281	-3.31901286887423	0	0.052	1	SRCAP	c21
0.046561780099466	-3.31883678836933	0	0.044	1	DNMT3A	c21
0.03730043223185	-3.31809345355447	0	0.048	1	FBXO11	c21
0.0385733593126533	-3.31800101141476	0	0.047	1	DIS3L2	c21
0.059773419588931	-3.31765699012445	0	0.04	1	C3orf58	c21
0.026504537650667	-3.31753300243214	0	0.054	1	MPZL3	c21
0.0188417013602164	-3.31702545544189	0	0.06	1	PIAS3	c21
0.0484819379737314	-3.31662521375777	0	0.043	1	ZNF44	c21
0.0462493701900398	-3.31581408229987	0	0.044	1	TIPARP	c21
0.0475119721059267	-3.31574365901409	0	0.044	1	ZNF460	c21
0.0295010059098199	-3.31547380151564	0	0.052	1	AC009061.2	c21
0.0234968899175532	-3.31528161948086	0	0.056	1	HSF2	c21
0.435686872080492	3.31516529881418	0.012	0.005	1	GIPR	c21
0.0657263463954789	-3.31331024390132	0	0.038	1	ASTE1	c21
0.0247889050084855	-3.31288045228535	0	0.055	1	SMARCAL1	c21
0.0404297580287681	-3.31248747275558	0	0.047	1	ZNF740	c21
0.709362770483192	3.31240968063789	0.012	0.008	1	STON1-GTF2A1L	c21
0.0462493701722318	-3.31193826970332	0	0.044	1	AGO1	c21
0.0415309754326448	-3.31096879628347	0	0.046	1	XPR1	c21
0.0291085695279855	-3.30880798185913	0	0.053	1	BCKDHB	c21
0.308656287037879	3.30788110593423	0.012	0.004	1	PCAT1	c21
1.82098744019465e-23	-3.30787332825091	0.023	0.647	6.10722767692483e-19	ARL6IP4	c21
0.0581766453910825	-3.30751597970099	0	0.04	1	CES4A	c21
0.0388331767430203	-3.30742472961844	0	0.047	1	INTS2	c21
6.2522151855201e-31	-3.30736428184864	0.093	0.808	2.09686792891973e-26	RPL21	c21
4.31812649890576e-15	-3.30673766234781	0.012	0.468	1.44821326520301e-10	TOMM20	c21
0.0337307580433296	-3.30635684853083	0	0.05	1	DNASE1L1	c21
0.0216841558138932	-3.30588420510715	0	0.058	1	LINC02210-CRHR1	c21
0.0689289909267198	-3.30537441832735	0	0.037	1	RAB11FIP4	c21
9.51964643569585e-13	-3.30516231778871	0.012	0.415	3.19269902160367e-08	MRPS16	c21
0.0790014450539995	-3.30502624063125	0	0.035	1	LRRN3	c21
0.0309169408436344	-3.30486479397853	0	0.051	1	ZSCAN16	c21
3.72138679372107e-15	-3.30451939321689	0.012	0.47	1.24807870287817e-10	BZW1	c21
7.79635484655413e-27	-3.30418361913231	0.07	0.744	2.61474148843732e-22	NDUFV2	c21
0.0123552235392518	-3.3037759365899	0	0.068	1	STK39	c21
0.0129490582405748	-3.30315164960772	0	0.067	1	TRIB3	c21
0.0216841558138932	-3.30269992864257	0	0.058	1	SLC27A4	c21
0.0274065379209916	-3.30238827629323	0	0.054	1	RINT1	c21
0.0450209231853038	-3.30182992233256	0	0.045	1	SRGAP2	c21
0.0241342377202345	-3.30147244497534	0	0.056	1	GCFC2	c21
0.0247889050084855	-3.30144946469775	0	0.055	1	THTPA	c21
0.0742919361831011	-3.30132512818376	0	0.036	1	LRIG1	c21
2.89545426826594e-17	-3.30120905507179	0.012	0.514	9.71077452491032e-13	GPI	c21
0.0547420286761806	-3.30114318731747	0	0.041	1	MTMR3	c21
0.0173876780855602	-3.30101641291789	0	0.062	1	TMEM189	c21
0.0126911680288159	-3.30072241822317	0	0.068	1	MTERF3	c21
0.0110973586516901	-3.30016835071147	0	0.07	1	NIPSNAP3A	c21
0.0488097288295048	-3.29996058677622	0	0.043	1	VPS50	c21
0.0242962622795302	-3.29953086589023	0	0.056	1	SLC39A13	c21
8.1934192197814e-19	-3.29881373902879	0.023	0.565	2.74790893793029e-14	MRPL41	c21
0.0970846383916991	-3.29789064174699	0	0.031	1	ZNF248	c21
0.342181695164253	-3.29752678991694	0	0.01	1	IGLC2	c21
9.06351217566957e-37	-3.29739602602043	0.105	0.889	3.03972071347606e-32	HNRNPA2B1	c21
0.0610005219713233	-3.29547356788621	0	0.039	1	ZBED2	c21
0.0277759121799517	-3.2953272405162	0	0.053	1	HIST1H2BN	c21
0.0179794088222628	-3.29520610122066	0	0.061	1	BORA	c21
2.20805334989958e-30	-3.29503299003055	0.035	0.769	7.4053693248932e-26	PABPC1	c21
0.0175044510084011	-3.29448027425597	0	0.062	1	TGDS	c21
0.038315302306624	-3.29443410845797	0	0.048	1	TMEM185A	c21
2.64521457267666e-21	-3.29425116140692	0.023	0.609	8.871520633843e-17	RAP1B	c21
0.0429504299024648	-3.29408441471134	0	0.046	1	AP4E1	c21
0.0224218081263824	-3.29399755119284	0	0.057	1	C22orf34	c21
0.0471930654549362	-3.29352425043042	0	0.044	1	KIAA1671	c21
1.52950597093811e-13	-3.29347574238889	0.012	0.433	5.12965712533222e-09	ARF6	c21
0.0123552235368795	-3.29168915667243	0	0.068	1	SKP2	c21
0.828447544508767	3.29141243893981	0.012	0.015	1	H2AFY2	c21
0.01330101714862	-3.29134070104685	0	0.067	1	ADAT3	c21
0.0311247283057914	-3.29096831452665	0	0.051	1	FBXO31	c21
3.44630033732593e-23	-3.29072488867831	0.023	0.642	1.15582020713237e-18	ITGB2	c21
0.0215395632947168	-3.29042796833525	0	0.058	1	DHRS4-AS1	c21
9.46610394125704e-11	-3.2903909171974	0.012	0.364	3.17474193981879e-06	CBX5	c21
0.0326191817577426	-3.29035089639054	0	0.05	1	TNPO2	c21
0.024296262270228	-3.28947461891047	0	0.056	1	STRN	c21
0.0661742853111924	-3.28928346518222	0	0.038	1	ZDHHC17	c21
0.0407022542015746	-3.28833715842223	0	0.047	1	CAPN12	c21
0.0790014450385543	-3.28585532790175	0	0.035	1	CYP4V2	c21
0.0239732955588049	-3.28487386561734	0	0.056	1	KIF1C	c21
0.0251228832637221	-3.28450846440421	0	0.055	1	TRDMT1	c21
1.22937900862643e-36	-3.28422291689159	0.233	0.878	4.12309131913133e-32	RPS18	c21
4.37748230396643e-23	-3.28372655015541	0.035	0.653	1.46812001510426e-18	ANP32B	c21
0.0185912085430625	-3.28347325888582	0	0.061	1	NAF1	c21
0.0119476694166779	-3.28339704522722	0	0.069	1	EIF5A2	c21
0.0332816133356483	-3.28300045088701	0	0.05	1	RBM45	c21
0.0504829367866935	-3.28191251917113	0	0.043	1	UBL3	c21
0.0275906041536916	-3.28170400381422	0	0.054	1	STRBP	c21
4.73913035027863e-07	-3.28165181852523	0.012	0.254	0.0158940953687645	ANTXR2	c21
0.0126911680336881	-3.28165071136525	0	0.068	1	CSNK2B	c21
0.0498067363141812	-3.28122703139145	0	0.043	1	PPP2R5B	c21
0.0305055471079327	-3.28027899805655	0	0.052	1	ACP6	c21
0.110754586078361	-3.27986887058901	0	0.029	1	BTLA	c21
0.0172716812062945	-3.27860764552511	0	0.062	1	RNF141	c21
5.09075867053723e-22	-3.27838071842812	0.035	0.639	1.70733864292477e-17	RPS27L	c21
0.011172115015979	-3.27785230641284	0	0.07	1	COA7	c21
0.0484819379924155	-3.27745009355768	0	0.043	1	ZNF518B	c21
1.65449054854068e-12	-3.27637069929192	0.012	0.409	5.54883040169573e-08	CCNDBP1	c21
0.0834488648795841	-3.27620415896843	0	0.034	1	TRGV2	c21
0.0188417013566085	-3.2752228842378	0	0.06	1	FAM189B	c21
0.043825662534741	-3.27494208567124	0	0.045	1	KIAA1328	c21
0.0547420286338759	-3.2749390143085	0	0.041	1	SUN1	c21
0.0317565698977053	-3.27472134835858	0	0.051	1	CCDC126	c21
0.0231845642788707	-3.27462975024139	0	0.057	1	ZFP91	c21
0.0518636172805248	-3.27417415828013	0	0.042	1	ZNF507	c21
0.018841701378256	-3.27387128801715	0	0.06	1	CYB5D2	c21
3.38645154602533e-24	-3.27379570228471	0.035	0.677	1.13574811950598e-19	ANXA6	c21
0.0330593085363739	-3.27358304763507	0	0.05	1	MAP2K5	c21
0.0300996639808262	-3.27280373253375	0	0.052	1	MEF2D	c21
1.65892285150214e-12	-3.2726631240729	0.023	0.428	5.56369545936788e-08	TNFRSF18	c21
0.046561780099466	-3.27111864132496	0	0.044	1	TSC1	c21
0.0344159730255256	-3.27052583108418	0	0.05	1	C5orf22	c21
0.0222722966841403	-3.27022286967911	0	0.057	1	DDX28	c21
0.0173876780689075	-3.26923497566616	0	0.062	1	CHMP4A	c21
0.00859545560671425	-3.26891417734539	0	0.075	1	CMSS1	c21
0.0258044361340846	-3.26879391437789	0	0.055	1	TMEM8A	c21
0.0353515118620531	-3.26832235388067	0	0.049	1	AC025159.1	c21
0.0319700431659262	-3.26799941280248	0	0.051	1	MED9	c21
0.0689289909133134	-3.2679517896206	0	0.037	1	ITGAV	c21
0.021829718760053	-3.26792742098819	0	0.058	1	TNFRSF11A	c21
0.0605886342256601	-3.26695623441291	0	0.039	1	ITPKB	c21
0.0167031563708707	-3.26691999543597	0	0.063	1	ATG4A	c21
0.0438256625431706	-3.26656113185453	0	0.045	1	SAMD8	c21
0.0313339223830624	-3.26464845022429	0	0.051	1	FEM1A	c21
1.86090200067051e-20	-3.2634031150915	0.012	0.575	6.24109312984876e-16	KRTCAP2	c21
0.02989876510959	-3.26151419343541	0	0.052	1	EXT2	c21
0.00996645767378867	-3.26137796848395	0	0.072	1	SLC27A5	c21
0.00697437902130392	-3.26121118726264	0	0.078	1	DCTN6	c21
0.0426626497687443	-3.25991119118351	0	0.046	1	ZNF621	c21
0.211011184341305	-3.25914383124481	0	0.018	1	IGHG2	c21
0.0547420286550283	-3.25864176306468	0	0.041	1	ZNF266	c21
0.0103765110156951	-3.25779715759177	0	0.071	1	BNIP1	c21
0.0198777976042609	-3.25757088100665	0	0.059	1	MTHFD2L	c21
5.24303476627433e-18	-3.25703336029498	0.012	0.529	1.75840899991309e-13	MYDGF	c21
2.18048071047862e-10	-3.25673839303971	0.012	0.354	7.3128962068032e-06	BIRC5	c21
8.31322454827922e-19	-3.25607779415247	0.012	0.544	2.78808924900188e-14	ATP5PD	c21
9.11859582632764e-20	-3.25499452776667	0.023	0.583	3.05819466823376e-15	RAB5IF	c21
0.017859478804094	-3.25485895149626	0	0.061	1	CCNE2	c21
0.0156213931628119	-3.25483267175316	0	0.064	1	CARS2	c21
0.0468763400376621	-3.25468142784206	0	0.044	1	CEP97	c21
0.0363127539680605	-3.25429051065271	0	0.049	1	CASP10	c21
6.99399426794557e-10	-3.25353803811426	0.012	0.34	2.34564579758359e-05	COMMD1	c21
0.0319700431659262	-3.25333286002907	0	0.051	1	DHTKD1	c21
8.65033565401474e-23	-3.2529793422658	0.035	0.652	2.90114957164346e-18	LAT	c21
0.013036171804038	-3.25292724301779	0	0.067	1	SMIM30	c21
0.0236546289409816	-3.25245837069028	0	0.056	1	SPSB2	c21
0.0183440367870789	-3.25227876142986	0	0.061	1	SMIM8	c21
0.012691168031252	-3.25209724312611	0	0.068	1	ZNF639	c21
5.32441716919283e-34	-3.25193410571754	0.116	0.851	1.78570303020389e-29	RPSA	c21
0.0254613728572514	-3.25149700318589	0	0.055	1	SVIL	c21
0.698367271071858	3.25116268084469	0.012	0.008	1	MAPK8IP1	c21
1.15227300628335e-08	-3.25108550598283	0.012	0.305	0.000386449320847308	ZCRB1	c21
0.592141763536956	3.25106639607265	0.012	0.007	1	ZNF814	c21
0.0132121473397005	-3.25086048501613	0	0.067	1	DPH6	c21
2.16115713179467e-24	-3.25040185981871	0.023	0.662	7.24808878861296e-20	MSN	c21
0.0144148897553299	-3.25003550355812	0	0.065	1	CDC25C	c21
9.67526594148901e-11	-3.24858482551033	0.012	0.363	3.24489069145659e-06	LYPLA2	c21
0.0426626497687443	-3.24812297529186	0	0.046	1	KDELC2	c21
0.0363127539471589	-3.24738610649933	0	0.049	1	TRMT2B	c21
0.130106056486941	-3.24699312079172	0	0.026	1	STMN3	c21
0.0204169789306838	-3.2466777989109	0	0.059	1	MREG	c21
9.87636775002469e-11	-3.24659678733644	0.012	0.363	3.31233621600328e-06	ORMDL1	c21
0.0631036263791293	-3.24656142692034	0	0.039	1	PIK3CA	c21
0.0644012156307673	-3.24627809414064	0	0.038	1	VWA8	c21
0.016480999095982	-3.24524609119791	0	0.063	1	RTN4IP1	c21
3.06898869037221e-13	-3.24513960741526	0.012	0.426	1.02927742697703e-08	PAXX	c21
0.100499198359219	-3.24433564639142	0	0.03	1	ARHGAP12	c21
0.0462493701900398	-3.24427478757359	0	0.044	1	WDTC1	c21
0.0326191817827522	-3.24248025208939	0	0.05	1	CSPP1	c21
0.0259777026314584	-3.24177113267529	0	0.055	1	UBP1	c21
0.0468763400557158	-3.2409672075155	0	0.044	1	SH3YL1	c21
4.46413082979349e-12	-3.24051561113669	0.012	0.398	1.49718019769614e-07	WARS	c21
0.0398903026663302	-3.23908565280465	0	0.047	1	KIZ	c21
0.0121090664509457	-3.23890394396217	0	0.068	1	SNAPC1	c21
0.0404297580287681	-3.23890295685028	0	0.047	1	BTBD7	c21
0.14885380977671	-3.23874730910518	0	0.024	1	TENT5A	c21
0.0423768281166152	-3.23851482745088	0	0.046	1	UBR3	c21
0.0415309754166814	-3.23826424828757	0	0.046	1	LINC01934	c21
0.0351152456058733	-3.23819402627165	0	0.049	1	ZNF280D	c21
0.0358288747189709	-3.2381883499723	0	0.049	1	GNAQ	c21
0.0937922907708076	-3.23814519842677	0	0.032	1	LRIG2	c21
1.01102053685283e-30	-3.23769948327686	0.105	0.809	3.39076067649704e-26	TPI1	c21
0.076347923467407	-3.2370696352557	0	0.035	1	ATP7A	c21
0.0326191817514902	-3.23639552009374	0	0.05	1	BCL2L11	c21
0.0332816133292679	-3.2359189559505	0	0.05	1	MBD6	c21
0.0281502881736208	-3.23575735481643	0	0.053	1	CHRNB1	c21
0.012862522338962	-3.23523135367998	0	0.067	1	ECI1	c21
0.016703156390071	-3.23485080054737	0	0.063	1	CEP76	c21
0.0363127539750277	-3.23379624198493	0	0.049	1	KLHL5	c21
0.0511685179602607	-3.2337942733362	0	0.042	1	PAPOLG	c21
0.0346474872773159	-3.2337570300956	0	0.049	1	KLHL2	c21
0.166948389463019	-3.23359611761707	0	0.022	1	IRF8	c21
0.0450209231853038	-3.23143021507547	0	0.045	1	SLC44A1	c21
0.0626771104853847	-3.23092905475353	0	0.039	1	ZFYVE26	c21
0.0684617668796464	-3.23089188929286	0	0.037	1	SMCR8	c21
0.0383153023139799	-3.23081528138834	0	0.048	1	WDR60	c21
0.022123782486747	-3.23070432618064	0	0.057	1	FAR2	c21
0.023184564287747	-3.23063695665095	0	0.057	1	SRF	c21
0.0554868633915634	-3.23044714440536	0	0.041	1	ZNF675	c21
0.0404297580520695	-3.22997891487542	0	0.047	1	TGIF2	c21
0.0475119721333814	-3.22975733663606	0	0.044	1	TRIM16	c21
0.0456309385535623	-3.22902770595865	0	0.044	1	AC008124.1	c21
1.09397220316864e-36	-3.22846066016017	0.163	0.884	3.66896397498697e-32	RPL18A	c21
0.0167031563868709	-3.22736034818875	0	0.063	1	ABHD8	c21
0.0189682072908268	-3.22719463039828	0	0.06	1	PQLC2	c21
0.0432401826344367	-3.22616083281392	0	0.045	1	EXOC6	c21
0.0593700503858786	-3.22541115320105	0	0.04	1	GCA	c21
0.0155171279708013	-3.22518941027894	0	0.064	1	ABHD10	c21
0.0258044361390249	-3.22513246530863	0	0.055	1	ENDOV	c21
0.0152084668870642	-3.22512832692936	0	0.064	1	RPS10	c21
0.0265045376811155	-3.22483917598013	0	0.054	1	DUSP10	c21
0.0157263551818454	-3.22439246919677	0	0.064	1	PRRG4	c21
0.0447190339522106	-3.22372071339136	0	0.045	1	LIMD1	c21
0.0169282949290644	-3.22302057919889	0	0.062	1	SLC25A14	c21
0.0554868633915634	-3.22246285077327	0	0.041	1	KLHL42	c21
0.0291085695056837	-3.221958770404	0	0.053	1	DUS2	c21
0.0173876780755686	-3.22155973977566	0	0.062	1	KCTD9	c21
0.00127180029272287	-3.22122997207566	0.023	0.149	1	CCL4	c21
7.56516187325767e-18	-3.22119948401016	0.023	0.547	2.53720398905316e-13	VDAC3	c21
0.0585716838884004	-3.22108739073743	0	0.04	1	AKT3	c21
0.038315302306624	-3.22018635114508	0	0.048	1	RFXAP	c21
0.0450209231593136	-3.21998963535703	0	0.045	1	NSUN3	c21
0.021253263371776	-3.21979115129529	0	0.058	1	PDK2	c21
0.0360699940693479	-3.21960686389096	0	0.049	1	IPO11	c21
0.0205540410353732	-3.21783087588845	0	0.059	1	CCDC134	c21
7.00082867599187e-28	-3.21780375006236	0.058	0.757	2.34793792135415e-23	HNRNPA1	c21
0.0353515118756149	-3.21776539521263	0	0.049	1	HIST2H2AB	c21
0.0141280268939556	-3.21736787573246	0	0.066	1	NUDT6	c21
0.0311247282938635	-3.21683261780634	0	0.051	1	HDAC6	c21
0.183457471608322	-3.21621274598105	0	0.02	1	IL4	c21
0.026682521545647	-3.21600153589085	0	0.054	1	AL590764.1	c21
3.65762853232902e-15	-3.21559690972347	0.023	0.491	1.22669545717251e-10	PDAP1	c21
0.0315445329521424	-3.21422763162739	0	0.051	1	MDP1	c21
0.0727877420059947	-3.21336099628077	0	0.036	1	DOCK9	c21
0.0242962622888324	-3.21299810270331	0	0.056	1	QTRT2	c21
0.0258044361093828	-3.21277326969184	0	0.055	1	ACSL1	c21
9.11209315883334e-16	-3.2125790707274	0.012	0.483	3.05601380360953e-11	MRPL54	c21
0.0834488648959374	-3.21238683357762	0	0.034	1	FAM160B2	c21
0.0227238500216558	-3.21146533299471	0	0.057	1	SH3GLB2	c21
0.0256323288606479	-3.21143469795261	0	0.055	1	MB21D2	c21
0.0296992155491177	-3.21083089655325	0	0.052	1	HIST1H4F	c21
0.0155171279767494	-3.2102901411372	0	0.064	1	EXO1	c21
0.0462493701989437	-3.2092330979133	0	0.044	1	LZTR1	c21
0.0228763942849771	-3.20914275577841	0	0.057	1	FBXO25	c21
0.0219762587449822	-3.20779343445834	0	0.058	1	ZNF480	c21
0.0577843427963168	-3.2065022862607	0	0.04	1	ABCC10	c21
0.0330593085743984	-3.20643689111045	0	0.05	1	KLHDC7B	c21
3.34929691273198e-21	-3.20627244432704	0.035	0.629	1.12328719859205e-16	SNRPG	c21
0.0184672103225149	-3.20586269176824	0	0.061	1	MTERF2	c21
0.0412528495458573	-3.20543442237085	0	0.046	1	CYFIP1	c21
0.0447190339522106	-3.20522634500677	0	0.045	1	HIVEP3	c21
0.00944455902423866	-3.20493492390929	0	0.073	1	FAAP24	c21
0.0170419947984367	-3.20414011950036	0	0.062	1	GSK3A	c21
2.06794651609549e-13	-3.20381593521394	0.023	0.45	6.93547902568107e-09	MESD	c21
0.0418110047156765	-3.20339053911154	0	0.046	1	RAB2B	c21
0.0426626497851493	-3.20327271736271	0	0.046	1	ROCK2	c21
2.36579849744074e-16	-3.20295833589752	0.012	0.495	7.93441500071676e-12	MRPS21	c21
8.38137408688971e-12	-3.20291230154589	0.012	0.391	2.81094524126107e-07	MAPK1IP1L	c21
0.0205540410156986	-3.20250323345005	0	0.059	1	RASGRP4	c21
0.0295010059098199	-3.19991945285342	0	0.052	1	GBE1	c21
0.0145117908289637	-3.19983961906941	0	0.065	1	UBFD1	c21
0.0441214183187058	-3.19969984971836	0	0.045	1	KBTBD7	c21
0.0698733653459973	-3.19956636317463	0	0.037	1	FYCO1	c21
0.194526682747295	-3.1977408026029	0	0.019	1	XCL1	c21
0.0202808297087032	-3.19745259278067	0	0.059	1	PRAF2	c21
1.6840337717603e-14	-3.19744062504105	0.012	0.455	5.64791246372971e-10	SHISA5	c21
0.0124383735083557	-3.19709030048343	0	0.068	1	LLPH	c21
0.0515148691728433	-3.19549719962414	0	0.042	1	COX18	c21
2.39127613338246e-14	-3.19533592195064	0.012	0.452	8.01986189613809e-10	ZNF207	c21
0.193102470554715	-3.19513492878871	0	0.019	1	SPI1	c21
0.0811933795090331	-3.19502902614824	0	0.034	1	LINC01089	c21
4.47569801551322e-16	-3.1935155881452	0.012	0.49	1.50105960044282e-11	JUNB	c21
9.5984007189731e-26	-3.19347820554473	0.081	0.746	3.2191116331292e-21	IFITM1	c21
0.0187160370030672	-3.19303377220576	0	0.061	1	POLR2M	c21
3.08141418096142e-16	-3.19205765655827	0.012	0.493	1.03344468801084e-11	SQSTM1	c21
0.0307105503589361	-3.19198035933439	0	0.052	1	HIST1H4H	c21
0.0471930654731142	-3.19150402551769	0	0.044	1	ZBED4	c21
0.0205540410156986	-3.19100047123734	0	0.059	1	ASB2	c21
0.0887666953751453	-3.19078029094353	0	0.033	1	SESN1	c21
0.0390947671510898	-3.18859604253977	0	0.047	1	LIN9	c21
1.102504924773e-12	-3.18793145190162	0.012	0.413	3.69758101670368e-08	FAM104A	c21
0.0218297187349801	-3.18713586047591	0	0.058	1	ZNF598	c21
0.0618329652368498	-3.18708607466307	0	0.039	1	RANBP10	c21
2.72171832696899e-13	-3.18707645521834	0.012	0.428	9.1280989249886e-09	TMED2	c21
0.0409766136289696	-3.18699018400729	0	0.046	1	ZFP64	c21
0.020011245161945	-3.18563575541053	0	0.059	1	MGAT4B	c21
0.0247889050179765	-3.18541935554992	0	0.055	1	AC100810.1	c21
0.0363127539471589	-3.18461430141714	0	0.049	1	TAB1	c21
0.0375515705076854	-3.18391478367091	0	0.048	1	NOP9	c21
0.0160454693004922	-3.18342250371309	0	0.063	1	NOS3	c21
0.0450209231939672	-3.18337628918542	0	0.045	1	SELENOO	c21
0.044719033960815	-3.18331305397215	0	0.045	1	ERLIN2	c21
1.33543730924419e-12	-3.18328657589984	0.012	0.411	4.47878964774317e-08	TNFAIP8	c21
0.0208309286480169	-3.18293040454894	0	0.059	1	MFSD3	c21
3.86865348574385e-07	-3.18133163662451	0.012	0.257	0.0129746900604877	PKMYT1	c21
0.055113156520608	-3.18120392314379	0	0.041	1	GBA2	c21
0.0144148897608583	-3.18109607522372	0	0.065	1	MAPK3	c21
0.0525683747476263	-3.18053831164003	0	0.042	1	PDP1	c21
0.0358288747189709	-3.18019206322546	0	0.049	1	NEK4	c21
0.0247889050227221	-3.17999349290424	0	0.055	1	FAM98B	c21
0.0213959346865159	-3.17963925098546	0	0.058	1	UBQLN4	c21
0.0420929510297286	-3.17950331007844	0	0.046	1	CASS4	c21
0.0657263463954789	-3.17921254634368	0	0.038	1	ZFYVE16	c21
0.0238134283961564	-3.17898004910066	0	0.056	1	HNRNPH2	c21
0.0675371201316083	-3.1784523731663	0	0.037	1	FUT10	c21
9.97268125586381e-16	-3.17828485067707	0.012	0.482	3.34463783959161e-11	AIP	c21
6.79921094372975e-20	-3.17770831337408	0.035	0.602	2.28031936630808e-15	C12orf75	c21
0.02041697894241	-3.17764865729519	0	0.059	1	C4orf33	c21
0.0283393734866521	-3.17721867736443	0	0.053	1	GPR137B	c21
0.0718025330115202	-3.1770798345687	0	0.036	1	LZTFL1	c21
0.0326191817514902	-3.17670688899302	0	0.05	1	PDP2	c21
0.0508245462444282	-3.17651866545196	0	0.043	1	RECK	c21
1.47159343833728e-23	-3.17648145380929	0.047	0.671	4.93543007349558e-19	PARK7	c21
8.97276997703612e-13	-3.17587554050975	0.012	0.415	3.00928759489837e-08	STK17A	c21
0.0398903026739923	-3.17566990055903	0	0.047	1	SIRT3	c21
0.00983336872751265	-3.17534323356527	0	0.072	1	CCDC58	c21
0.0363127539610933	-3.17506541412995	0	0.049	1	GSPT2	c21
4.67068020184748e-24	-3.1747503367577	0.14	0.733	1.56645272609561e-19	TUBA1B	c21
0.0412528495775674	-3.17471912404089	0	0.046	1	SMAD4	c21
0.0261521363499835	-3.17222418826445	0	0.054	1	UBXN6	c21
0.0283393735083617	-3.17151182725117	0	0.053	1	METTL18	c21
0.0169282949550082	-3.1711547698346	0	0.062	1	TKFC	c21
0.0518636172905324	-3.1710642114313	0	0.042	1	PIAS2	c21
0.016480999073878	-3.17088777114758	0	0.063	1	RPP14	c21
0.0173876780622464	-3.17073259833897	0	0.062	1	WDR53	c21
0.0348805744792909	-3.17021808915641	0	0.049	1	PCYOX1L	c21
0.0266825215558649	-3.17012113356396	0	0.054	1	MOSPD1	c21
0.0360699940485875	-3.16969247274174	0	0.049	1	ATG10	c21
0.144674905681942	-3.16959811487889	0	0.024	1	SYK	c21
3.63604480170268e-13	-3.16920787319635	0.023	0.444	1.21945670559505e-08	EIF4G1	c21
0.0385733593052473	-3.16864624310484	0	0.047	1	APOBEC3D	c21
0.0258044361489057	-3.16839837014539	0	0.055	1	PANK3	c21
0.0388331767504768	-3.16761887589125	0	0.047	1	THAP5	c21
0.919728077311927	3.16738511763628	0.012	0.011	1	SEMA4A	c21
0.0348805744792909	-3.16699307541924	0	0.049	1	NDOR1	c21
0.0172716811864439	-3.16688860827517	0	0.062	1	FKBPL	c21
0.0631036263791293	-3.16569599500398	0	0.039	1	SLC9A7	c21
0.0806395156395457	-3.1646974844712	0	0.034	1	CLECL1	c21
0.0231845642744326	-3.16455766432997	0	0.057	1	PAXIP1	c21
0.0518636172505019	-3.16362178626486	0	0.042	1	CEP120	c21
0.0918735131845129	-3.1635596271418	0	0.032	1	AC097376.2	c21
0.0233402040933351	-3.16311982405898	0	0.057	1	STAU2	c21
0.020692022166103	-3.16308509910934	0	0.059	1	CAMKK2	c21
0.0256323288606479	-3.16305860664505	0	0.055	1	FAM111A-DT	c21
0.124730496854069	-3.16289950213217	0	0.027	1	TRIM73	c21
0.043825662534741	-3.16194514069322	0	0.045	1	DCAF16	c21
0.025977702636432	-3.1616797885505	0	0.055	1	CEP83	c21
0.13288723038605	-3.16162957438127	0	0.026	1	POU2AF1	c21
0.0806395156237666	-3.160856430755	0	0.034	1	TTC21B	c21
8.89298889431997e-08	-3.16039343736853	0.012	0.278	0.00298253061537703	MAD2L1	c21
0.032184962801696	-3.15968029049896	0	0.051	1	FAM234A	c21
0.0249553340897563	-3.1596665559392	0	0.055	1	FANCL	c21
0.138945782546316	3.15897365533805	0.012	0.003	1	RAPGEFL1	c21
2.03755023083635e-09	-3.15857395470447	0.012	0.327	6.83353596417895e-05	ARID4B	c21
0.0991183880106843	-3.15810938823271	0	0.031	1	LINC00426	c21
0.0432401826926434	-3.15810590129309	0	0.045	1	GPATCH1	c21
0.0566236497075538	-3.157848225991	0	0.041	1	TMEM260	c21
0.0218297187475165	-3.15718603136442	0	0.058	1	MICA	c21
0.0130361717990344	-3.15717211013374	0	0.067	1	GEMIN2	c21
0.0231845642655564	-3.15704206357931	0	0.057	1	NCKIPSD	c21
0.0274065379419837	-3.15659234684482	0	0.054	1	ZNF689	c21
5.8696117045159e-16	-3.15656091168389	0.012	0.487	1.96855037346054e-11	LSM5	c21
0.0404297580054666	-3.15565781198541	0	0.047	1	KIAA0586	c21
5.46185632172215e-25	-3.15536513997557	0.023	0.673	1.83179737317917e-20	ATP5F1B	c21
3.10976491617185e-26	-3.15469131930877	0.047	0.726	1.04295295758572e-21	PSMA7	c21
0.0435319221183074	-3.15463388675061	0	0.045	1	SHISAL2A	c21
0.0120280995630836	-3.1544938859875	0	0.068	1	GINS1	c21
0.0268617052130011	-3.15423602426174	0	0.054	1	KHDC1	c21
0.0703505663698698	-3.15400833560289	0	0.037	1	ENDOD1	c21
0.0481563923949483	-3.15398787795932	0	0.043	1	ZNF322	c21
0.0358288747395911	-3.1530315320886	0	0.049	1	RIPK2	c21
0.29335911130806	-3.15288091657414	0	0.013	1	TRAV12-3	c21
0.0573947559633747	-3.15272807394825	0	0.04	1	AC016773.1	c21
0.0679978181852876	-3.1526758014525	0	0.037	1	HACE1	c21
0.0652815374530625	-3.15251123628444	0	0.038	1	GALNT7	c21
1.8223303200526e-32	-3.15247883418559	0.221	0.865	6.11173142739242e-28	FTH1	c21
7.31484449376265e-17	-3.15204139707388	0.023	0.525	2.45325254631812e-12	HM13	c21
8.02921231703262e-12	-3.15034140851207	0.023	0.411	2.6928372268864e-07	NCR3	c21
0.051168517901037	-3.15017933567424	0	0.042	1	MIR222HG	c21
0.0648398349723851	-3.15006926459625	0	0.038	1	PIK3CB	c21
5.9774638075594e-10	-3.14975142481372	0.012	0.342	2.00472181177927e-05	MAPKAPK3	c21
2.3698907272904e-10	-3.14962233918637	0.012	0.353	7.94813952118655e-06	HPRT1	c21
0.031756569873362	-3.14928697773867	0	0.051	1	CPT2	c21
0.015832018707566	-3.14923487716573	0	0.064	1	SEPT8	c21
0.0508245462444282	-3.14915655077378	0	0.043	1	ZNF142	c21
0.0179794088394798	-3.14908395384511	0	0.061	1	MKKS	c21
0.0551131565099584	-3.1474040148455	0	0.041	1	ZNF561	c21
0.0348805744659115	-3.14737286270754	0	0.049	1	RNF185	c21
1.45379064780858e-11	-3.14672264800576	0.012	0.385	4.8757230746204e-07	DNAJC9	c21
0.0204169789385013	-3.14488197122605	0	0.059	1	ZNF174	c21
2.6193766958013e-33	-3.14472116803097	0.151	0.846	8.78486556237841e-29	ARHGDIB	c21
2.56313954004099e-06	-3.14344450511022	0.012	0.23	0.0859625738938946	STAT4	c21
1.10718329829132e-08	-3.14334434718427	0.012	0.305	0.000371327134580943	PDE4D	c21
0.02704209690999	-3.14132843346064	0	0.054	1	DPYSL2	c21
0.0332816133101267	-3.14066419784275	0	0.05	1	DNA2	c21
0.0328385015347566	-3.13911880531369	0	0.05	1	TMEM250	c21
0.0375515705004778	-3.13886543802904	0	0.048	1	TTPAL	c21
0.0484819379924155	-3.13838577711865	0	0.043	1	ZNF398	c21
0.279794055106982	-3.13819672703601	0	0.013	1	TRDV1	c21
0.0291085695279855	-3.13777542123997	0	0.053	1	TADA1	c21
5.98361457060381e-08	-3.13730349290233	0.023	0.301	0.00200678465468911	HOPX	c21
0.0324013389624973	-3.13686003901793	0	0.051	1	B4GALT5	c21
2.75837042706828e-18	-3.13640586620954	0.023	0.555	9.25102273830159e-14	CCDC85B	c21
0.0309169408554821	-3.13628947244452	0	0.051	1	WEE1	c21
3.04866278965647e-20	-3.13613299541427	0.035	0.607	1.02246052639499e-15	CD37	c21
0.0179794088257062	-3.13611182079504	0	0.061	1	RCCD1	c21
0.0447190339866279	-3.13607211782189	0	0.045	1	ENG	c21
2.36740049029372e-14	-3.13600437459348	0.023	0.472	7.93978776434707e-10	IMP3	c21
0.0378044201721093	-3.13561310976598	0	0.048	1	RYBP	c21
1.79608339763429e-12	-3.1348377386525	0.012	0.408	6.02370449898587e-08	MAGOH	c21
0.0525683747374796	-3.13431688864367	0	0.042	1	SLC12A9	c21
3.34296265210171e-27	-3.1342549884853	0.081	0.768	1.12116281426187e-22	LY6E	c21
0.0441214183187058	-3.13413542590589	0	0.045	1	PRUNE1	c21
0.0661742853240456	-3.13362414322315	0	0.038	1	ZNF808	c21
0.0644012156182693	-3.13355588802469	0	0.038	1	IL1RAP	c21
0.0518636172905324	-3.13327189961371	0	0.042	1	ACSS2	c21
0.024788905013231	-3.13319198772061	0	0.055	1	WRNIP1	c21
0.0311247282878996	-3.13193392239544	0	0.051	1	CFL2	c21
0.0311247282938635	-3.13192220007052	0	0.051	1	ACOX3	c21
0.0228763942981144	-3.13191671518047	0	0.057	1	SLC35E4	c21
0.0281502881897939	-3.13151312590226	0	0.053	1	CCHCR1	c21
0.0170419947951721	-3.13146224925389	0	0.062	1	DIABLO.1	c21
0.0589694786996877	-3.13089038550467	0	0.04	1	RNASEL	c21
3.19548182511514e-13	-3.13018342131887	0.023	0.446	1.07170069450712e-08	CAPZA1	c21
0.0768711062192623	-3.12987544803756	0	0.035	1	ETV3	c21
1.44356012590266e-37	-3.12978517637138	0.244	0.9	4.84141195025236e-33	RPL13	c21
0.0129490582579712	-3.1295271142526	0	0.067	1	C19orf47	c21
1.34387978619408e-16	-3.12936190372166	0.012	0.5	4.5071040269377e-12	CELF2	c21
0.0558631684006816	-3.12900727707753	0	0.041	1	PBX2	c21
0.0339576192331213	-3.12891441647388	0	0.05	1	KCTD18	c21
0.190289417733554	-3.12859162940566	0	0.02	1	PI16	c21
0.0252915602666014	-3.12795494886205	0	0.055	1	RNF135	c21
2.95392205424055e-17	-3.12735892538938	0.012	0.514	9.90686378551195e-13	ANP32A	c21
0.0181001415226286	-3.12731388502188	0	0.061	1	VKORC1L1	c21
0.0670796481283859	-3.12728279648111	0	0.038	1	ATP2B1-AS1	c21
0.0335054262669891	-3.12688405988867	0	0.05	1	IPPK	c21
0.0465617801173964	-3.1266768276069	0	0.044	1	SNX18	c21
0.0834488648959374	-3.12662152298257	0	0.034	1	AC022916.1	c21
2.3766541450246e-08	-3.12641924769469	0.012	0.295	0.000797082267158351	AKIRIN2	c21
3.25536107617034e-06	-3.12628295913934	0.012	0.226	0.109178299772601	HSH2D	c21
3.43414760616091e-18	-3.12601509921876	0.012	0.532	1.15174442415425e-13	LAMTOR4	c21
2.20417656825472e-17	-3.12540708453838	0.012	0.516	7.39236737461267e-13	PRMT2	c21
1.18752542433977e-12	-3.12502566920107	0.012	0.412	3.98272276815071e-08	SSRP1	c21
1.21818085179243e-10	-3.12398525894813	0.012	0.361	4.08553494074146e-06	EMC3	c21
0.0200112451696075	-3.1235530566733	0	0.059	1	NUFIP1	c21
5.94888246252729e-14	-3.12316837746831	0.012	0.443	1.9951362002824e-09	CHMP2A	c21
0.0351152456126084	-3.12269914017304	0	0.049	1	GALNT3	c21
2.89095589613905e-13	-3.12252289946217	0.012	0.427	9.69568788447113e-09	KDELR2	c21
0.0256323288459259	-3.1220617014246	0	0.055	1	SLC35A2	c21
0.0126911680361242	-3.12107307994454	0	0.068	1	MYCBP	c21
0.05437346102026	-3.12047661543818	0	0.041	1	OTUD6B	c21
0.049472111480995	-3.12031382548878	0	0.043	1	VAMP1	c21
6.80398802292278e-08	-3.11927859610417	0.012	0.281	0.00228192150312784	RAD51C	c21
0.0800895923097519	-3.11870745494826	0	0.034	1	TMEM161B	c21
0.0103070276568236	-3.11826978912528	0	0.071	1	TSFM	c21
0.0456309385886936	-3.11824723435719	0	0.044	1	TMEM129	c21
0.101197220556928	-3.11684824413731	0	0.03	1	NOMO2	c21
0.0172716812096029	-3.11654848698349	0	0.062	1	PTPRN2	c21
1.18344824063938e-35	-3.11619946170308	0.163	0.872	3.96904870945634e-31	PPIA	c21
0.0753126377449827	-3.11601102116424	0	0.036	1	ABCC5	c21
0.0840229020674696	-3.11590231242525	0	0.034	1	ANKS3	c21
0.0319700431536721	-3.11513935849153	0	0.051	1	PRMT6	c21
0.0279624706386313	-3.11504544900091	0	0.053	1	TNFRSF12A	c21
0.0888217993089858	3.11434858872219	0.012	0.002	1	LINC00511	c21
0.0465617801353268	-3.11339853569638	0	0.044	1	AP1AR	c21
0.0423768281166152	-3.11338196728031	0	0.046	1	AUTS2	c21
7.53183844288543e-08	-3.11331912931826	0.012	0.28	0.00252602797697492	IDH3B	c21
0.0689289909401263	-3.11309722244825	0	0.037	1	OTUD7B	c21
0.0407022542328555	-3.11293377189216	0	0.047	1	DBNDD2	c21
0.022421808109214	-3.11285746908791	0	0.057	1	SPSB1	c21
0.0385733593052473	-3.1121477248828	0	0.047	1	MTAP	c21
3.33170310664886e-35	-3.11186708593714	0.151	0.862	1.1173865879079e-30	RPL15	c21
0.0268617052181445	-3.11184745278652	0	0.054	1	AP002360.1	c21
5.97373784627664e-17	-3.11118315726464	0.012	0.508	2.00347219888426e-12	SRSF9	c21
0.0298987651325005	-3.10966577608918	0	0.052	1	C8orf88	c21
0.0228763942762188	-3.10912066999979	0	0.057	1	ALKBH2	c21
0.0703505663835625	-3.10889184032711	0	0.037	1	MXD4	c21
0.038315302306624	-3.10787876317385	0	0.048	1	SMG8	c21
0.0197452385148512	-3.10740403575469	0	0.06	1	MYB	c21
1.51002260021849e-05	-3.10727940047168	0.012	0.203	0.506431379661278	CD46	c21
0.0666253779540908	-3.10630590567074	0	0.038	1	MSL2	c21
1.05903601920403e-09	-3.10623628499991	0.081	0.422	3.55179500120648e-05	NKG7	c21
2.26317321643036e-31	-3.10576853554884	0.128	0.828	7.59023033326414e-27	RPL5	c21
0.0471930654731142	-3.10442198481524	0	0.044	1	ZNF264	c21
0.0415309754166814	-3.10416596194714	0	0.046	1	SUSD1	c21
0.0498067363429886	-3.10385749873673	0	0.043	1	MAP3K3	c21
0.0270420969358801	-3.10260899177237	0	0.054	1	GORASP1	c21
0.0309169408732537	-3.10217404096404	0	0.051	1	DCAKD	c21
0.0426626497933518	-3.100537589598	0	0.046	1	TATDN2	c21
0.0258044361390249	-3.10053013767335	0	0.055	1	ACER3	c21
0.0241342377202345	-3.10036292551876	0	0.056	1	HIGD1A	c21
4.75194113279043e-12	-3.09966632005826	0.012	0.397	1.59370601711525e-07	YIF1B	c21
0.0899959691795095	-3.0972768581905	0	0.032	1	SH2D3A	c21
9.68092639767876e-16	-3.09667790438835	0.023	0.502	3.2467890952535e-11	PHB	c21
6.9004578749826e-32	-3.09622862825011	0.14	0.838	2.31427556211166e-27	CALM1	c21
5.14839088845014e-32	-3.09578527556408	0.105	0.832	1.72666733616841e-27	RPL23A	c21
1.38314808549563e-12	-3.09424234865061	0.012	0.411	4.63880204913526e-08	MRPL13	c21
0.0319700431475451	-3.09391161033516	0	0.051	1	EID2B	c21
0.0887666953576993	-3.09353898687081	0	0.033	1	TRERF1	c21
0.0753126376568089	-3.09330318747913	0	0.036	1	RIPOR1	c21
0.264929604819774	-3.09267321692492	0	0.014	1	TRAV41	c21
0.053282932405212	-3.09220843436096	0	0.042	1	TPCN2	c21
0.0912431326833379	-3.09201070805051	0	0.032	1	FAM8A1	c21
0.0727877419918101	-3.09168535100159	0	0.036	1	CFH	c21
0.0219762587449822	-3.09144726451327	0	0.058	1	FO393401.1	c21
5.92560108368641e-30	-3.09095578329387	0.047	0.777	1.98732809144675e-25	YWHAB	c21
0.224013618760539	-3.09004365722504	0	0.017	1	ELL3	c21
0.251012212537474	-3.08981166708294	0	0.015	1	KLK1	c21
0.0225723236041876	-3.08884064099717	0	0.057	1	ISY1	c21
0.0713151242012614	-3.08861969581811	0	0.036	1	ARSK	c21
0.169376553425495	-3.08844052038291	0	0.022	1	FCGRT	c21
0.249096454953219	-3.08786154023646	0	0.015	1	TRBV15	c21
0.0355893844570175	-3.08769367164919	0	0.049	1	DOLK	c21
0.0287213827650032	-3.08758852622132	0	0.053	1	TNFSF12	c21
0.050824546254231	-3.08749752301902	0	0.043	1	TFCP2	c21
0.0344159730189259	-3.08673486476635	0	0.05	1	SLC35D1	c21
0.0468763400376621	-3.08529593648788	0	0.044	1	ADGRG5	c21
0.0309169408614059	-3.08520735353957	0	0.051	1	PIP4K2B	c21
0.0823130533650338	-3.08501129666787	0	0.034	1	ATG14	c21
0.0390947671510898	-3.08450331827321	0	0.047	1	ERLIN1	c21
0.0661742853368987	-3.08361157898225	0	0.038	1	MATK	c21
0.0768711062793098	-3.08321459104754	0	0.035	1	CLCN7	c21
1.49443360724082e-18	-3.08291883140996	0.023	0.56	5.01203143196425e-14	BSG	c21
0.046561780144292	-3.08287351583944	0	0.044	1	HIPK3	c21
1.46759281153981e-11	-3.08280405308893	0.012	0.385	4.92201277134223e-07	KPNA2	c21
0.0718025330255057	-3.08266579865306	0	0.036	1	AKR1C3	c21
0.0373004322390088	-3.08223912786532	0	0.048	1	MLLT11	c21
1.23920415596415e-19	-3.08193906333319	0.035	0.596	4.15604289827257e-15	PEBP1	c21
0.159892780758145	-3.08170037377471	0	0.022	1	TSHZ2	c21
2.27602375052997e-17	-3.08162771650963	0.023	0.538	7.63332845452743e-13	DDX39A	c21
0.0409766136053486	-3.08149348036466	0	0.046	1	IGFLR1	c21
6.73131688872622e-16	-3.08134086038585	0.012	0.486	2.257549058141e-11	COPE	c21
0.0249553340945337	-3.08097585096667	0	0.055	1	TRIOBP	c21
3.077291161541e-10	-3.08008606372206	0.012	0.35	1.03206190975762e-05	MZT1	c21
8.57454643242789e-09	-3.07967218144599	0.012	0.308	0.000287573138250767	N4BP2L2	c21
0.0631036263913679	-3.07946567391923	0	0.039	1	ZNF718	c21
0.027775912217185	-3.07946113976867	0	0.053	1	CBR4	c21
0.0247889050322132	-3.07850403854045	0	0.055	1	ZNF574	c21
0.0732855956457373	-3.07828991878321	0	0.036	1	ZYG11B	c21
0.0508245462640338	-3.07809381070042	0	0.043	1	PLCL2	c21
0.0732855955885965	-3.0770085720369	0	0.036	1	NSG1	c21
0.0887666953925911	-3.07617132959816	0	0.033	1	CYB561D1	c21
0.0305055470962436	-3.07588578268582	0	0.052	1	EGLN1	c21
0.085769929292917	-3.07583077729938	0	0.033	1	INTS6L	c21
0.0239732955679833	-3.07498606919178	0	0.056	1	ZSCAN2	c21
0.0258044361291442	-3.07494722241246	0	0.055	1	GATB	c21
0.0239732955588049	-3.07464406431478	0	0.056	1	FBXO33	c21
0.0566236496528094	-3.07463195312546	0	0.041	1	ZCCHC2	c21
0.753271855258871	3.07453503211991	0.012	0.009	1	ITGA3	c21
0.0840229020839406	-3.07398881106332	0	0.034	1	CCNG2	c21
0.0806395155922085	-3.07350323922531	0	0.034	1	FBXL4	c21
0.0438256625263113	-3.07276670548777	0	0.045	1	SENP2	c21
0.0585716839110716	-3.07266166282131	0	0.04	1	SPECC1L	c21
1.10192305962975e-06	-3.07263011220603	0.012	0.242	0.0369562955738625	PHF3	c21
0.0420929510054547	-3.07259330439811	0	0.046	1	SH3BP5L	c21
0.0570078648185986	-3.07249459584368	0	0.04	1	FOXO3	c21
0.028529735419591	-3.072366424307	0	0.053	1	CHPF	c21
0.019482761521897	-3.0713577651389	0	0.06	1	DTD1	c21
0.0823130533650338	-3.07120299135376	0	0.034	1	TCEAL4	c21
1.46840776740962e-18	-3.07107214833057	0.012	0.54	4.92474597033837e-14	SCAND1	c21
0.0718025330115202	-3.07056785415208	0	0.036	1	C3AR1	c21
7.31445853462951e-25	-3.07048518467544	0.035	0.685	2.45312310334404e-20	ERP29	c21
0.0488097288295048	-3.07039209560054	0	0.043	1	ZNF519	c21
0.0610005219240475	-3.06998397616258	0	0.039	1	FBXL8	c21
0.0360699940485875	-3.06987768669174	0	0.049	1	PARP16	c21
1.62848565794795e-19	-3.06963133148465	0.047	0.601	5.46161519962582e-15	IL2RA	c21
0.0418110047076402	-3.06958863938919	0	0.046	1	IFNAR2	c21
4.02111963960034e-31	-3.06885367059883	0.221	0.854	1.34860310472916e-26	S100A6	c21
0.0977576137185677	-3.06882126023674	0	0.031	1	IL23A	c21
0.0407022542406757	-3.06857955737968	0	0.047	1	C22orf46	c21
0.0857699293938929	-3.06856054123458	0	0.033	1	SLC9A6	c21
0.0415309754166814	-3.06817389173568	0	0.046	1	XRCC2	c21
3.41135430074674e-11	-3.06816200756194	0.012	0.376	1.14410000538444e-06	COPS3	c21
0.135732913204935	-3.06801613139608	0	0.025	1	KPNA5	c21
0.0679978181852876	-3.06791916554578	0	0.037	1	INPP5B	c21
0.0196135617744786	-3.06774888099634	0	0.06	1	SLC31A2	c21
0.0204169789502275	-3.06772756992955	0	0.059	1	FBXO45	c21
0.0899959691795095	-3.06753979446178	0	0.032	1	SYNGAP1	c21
0.0307105503471679	-3.06706664709202	0	0.052	1	CHST14	c21
0.0176220052395944	-3.06638676372146	0	0.062	1	TUBB2A	c21
0.0291085695279855	-3.06520920379699	0	0.053	1	NMUR1	c21
0.0236546289500379	-3.06426503116023	0	0.056	1	HGH1	c21
7.76050059264523e-31	-3.0630984223299	0.058	0.809	2.60271668876136e-26	LAPTM5	c21
0.0475119721333814	-3.06208977351113	0	0.044	1	GTPBP1	c21
2.68636794719142e-10	-3.06035756433467	0.012	0.352	9.00954082129058e-06	SNF8	c21
0.161045409157195	-3.06032020487952	0	0.022	1	TRAV8-3	c21
0.0351152456126084	-3.0601387943602	0	0.049	1	BRI3	c21
0.0365571660388625	-3.06010167174202	0	0.048	1	STK38L	c21
0.0283393734975069	-3.05937856523957	0	0.053	1	PROK2	c21
0.0185912085359423	-3.05933261596216	0	0.061	1	TMEM177	c21
0.0277759122065469	-3.05787393545154	0	0.053	1	CHEK2	c21
0.0522147798836893	-3.05758210464101	0	0.042	1	ZNF232	c21
0.0964165508176892	-3.05742483967736	0	0.031	1	FRY	c21
0.0147075390242609	-3.05705912487205	0	0.065	1	EVA1B	c21
3.2290805647938e-06	-3.05689016041474	0.012	0.226	0.108296903982054	TNIK	c21
2.82274003921636e-22	-3.05663892328904	0.023	0.628	9.46690554352384e-18	PTGES3	c21
0.0666253779023161	-3.05660153782339	0	0.038	1	L3MBTL3	c21
0.0388331767728463	-3.05497869272228	0	0.047	1	IFT43	c21
0.0597734195657819	-3.05472698453223	0	0.04	1	PURB	c21
0.0385733592756232	-3.05421497755668	0	0.047	1	RBSN	c21
0.0426626497851493	-3.05362507793256	0	0.046	1	BORCS7	c21
2.04201950096896e-12	-3.0532737997468	0.012	0.406	6.84852500234969e-08	LYPLA1	c21
0.0468763400376621	-3.05304027754548	0	0.044	1	ZNF518A	c21
0.0251228832733412	-3.05229282917043	0	0.055	1	PITPNA	c21
1.7402716037117e-09	-3.05200808835232	0.012	0.329	5.83652290452831e-05	U2SURP	c21
0.0415309754326448	-3.05087565393488	0	0.046	1	KIAA2013	c21
0.0131238668729844	-3.05050737966155	0	0.067	1	TMEM237	c21
0.0274065379419837	-3.05049779530018	0	0.054	1	TTC4	c21
5.75413183109966e-13	-3.04941114948951	0.012	0.42	1.92982073351421e-08	CD5	c21
1.14246142020479e-17	-3.04940970690579	0.035	0.563	3.83158711108282e-13	POLR2E	c21
0.133828537981996	-3.04933996316297	0	0.025	1	RFX3	c21
0.104041074293673	-3.04667895239982	0	0.03	1	Z93930.2	c21
0.0863606872244105	-3.04629202168438	0	0.033	1	SLC26A2	c21
0.0713151241873743	-3.0459318671847	0	0.036	1	ASAP1	c21
0.0459390947758838	-3.04550626028461	0	0.044	1	CPOX	c21
0.0540074347742821	-3.04479853547459	0	0.041	1	ZNF121	c21
1.97517913920425e-21	-3.04434035079611	0.058	0.662	6.6243557970632e-17	HSP90B1	c21
0.027042096915168	-3.04406332402471	0	0.054	1	UBE2D4	c21
0.139630551233734	-3.04380869419215	0	0.025	1	ALOX5	c21
0.0453248863925984	-3.04285744587216	0	0.045	1	HCFC2	c21
0.0851834014220998	-3.04270519161664	0	0.033	1	ANKRD55	c21
2.23008372892396e-41	-3.04251216411768	0.512	0.956	7.47925481006519e-37	GAPDH	c21
0.000396143850742518	-3.04231248237977	0.012	0.15	1	HLA-DQA1	c21
0.0149059111516975	-3.04095703011166	0	0.065	1	MCAT	c21
0.0581766453798254	-3.04038421588523	0	0.04	1	WRN	c21
0.0484819379643894	-3.03898787131068	0	0.043	1	ZNF124	c21
9.78518860627367e-28	-3.03897945343197	0.081	0.77	3.28175655477206e-23	RAN	c21
1.97113779776921e-16	-3.0385707813877	0.023	0.518	6.61080194615837e-12	WAS	c21
0.0532829323846365	-3.03796502340318	0	0.042	1	CLIP4	c21
0.0494721114714584	-3.03739621657699	0	0.043	1	TMEM63B	c21
0.038058993378168	-3.03672791366533	0	0.048	1	RDH13	c21
2.55913270505282e-12	-3.03650126050963	0.012	0.404	8.58281926620616e-08	HSD17B10	c21
0.0622535641530241	-3.03634495448726	0	0.039	1	MTHFR	c21
0.0122726247976345	-3.0363421451937	0	0.068	1	FASTKD3	c21
7.95736606429728e-33	-3.03591259032952	0.151	0.844	2.66874143064402e-28	RPS16	c21
0.0407022542093948	-3.03525543017247	0	0.047	1	GALNS	c21
4.53467584156887e-27	-3.03513840738004	0.093	0.767	1.52083958374537e-22	H2AFZ	c21
0.102608708778533	-3.03497599858427	0	0.03	1	TMEM168	c21
0.0368032419102862	-3.03431765245546	0	0.048	1	NBPF12	c21
0.0396233173529401	-3.03431491337499	0	0.047	1	AC093157.1	c21
0.018221682375164	-3.03398204299762	0	0.061	1	GSEC	c21
0.0554868633915634	-3.03366126840173	0	0.041	1	SMAGP	c21
0.0404297580365352	-3.03335232730101	0	0.047	1	CPNE7	c21
0.0504829368159001	-3.0328738788083	0	0.043	1	SUPT3H	c21
0.0341860206204436	-3.03273407668037	0	0.05	1	NAALADL1	c21
0.0404297580365352	-3.03258582402534	0	0.047	1	MAP2K4	c21
0.194526682747295	-3.03192908916829	0	0.019	1	PMCH	c21
2.32664245320767e-24	-3.03044591270347	0.047	0.697	7.80309345956788e-20	UCP2	c21
0.0823130533650338	-3.03030371875248	0	0.034	1	SIK2	c21
1.38055258028608e-07	-3.02688899787267	0.012	0.272	0.00463009724376346	MX1	c21
1.91269812784015e-19	-3.02636141999047	0.023	0.578	6.4148069811503e-15	PSMB2	c21
1.83117469535082e-23	-3.02574575807128	0.035	0.669	6.14139369326759e-19	PRR13	c21
0.0693995153618786	-3.02549912676305	0	0.037	1	MLH3	c21
0.0478330757621463	-3.0253797075512	0	0.044	1	CEP44	c21
0.0605886342139232	-3.02472072633502	0	0.039	1	ZNF611	c21
0.0618329652608196	-3.02451156661982	0	0.039	1	ZMYM4	c21
0.0912431326474236	-3.0245062967856	0	0.032	1	WWC3	c21
0.0332816133292679	-3.02347587538865	0	0.05	1	HEBP1	c21
0.0368032418961616	-3.02318840078255	0	0.048	1	EIF4E3	c21
2.48686044560803e-09	-3.02295083534751	0.012	0.324	8.34043256248021e-05	PNRC1	c21
0.0162617831640884	-3.02253618319115	0	0.063	1	AC073611.1	c21
3.79959367175828e-09	-3.02234511628968	0.012	0.319	0.000127430772563429	B4GALT3	c21
2.89955280204246e-13	-3.02157638707752	0.012	0.427	9.72452018748999e-09	ARF4	c21
8.71282865007796e-09	-3.0212883132636	0.012	0.309	0.000292210847266315	ZDHHC24	c21
0.0270420969358801	-3.01910688004963	0	0.054	1	NDUFA9	c21
0.0508245462248225	-3.0180460369723	0	0.043	1	STAM2	c21
0.0984355167943761	-3.01777367256032	0	0.031	1	SLC26A4	c21
0.133828538090038	-3.01753077251354	0	0.025	1	ZC3H12D	c21
0.0266825215558649	-3.01683406248531	0	0.054	1	TULP3	c21
0.157614780991351	-3.01673630706407	0	0.023	1	LSR	c21
0.0698733653595938	-3.01667215662819	0	0.037	1	MORC2	c21
0.0601796071585677	-3.01543086405287	0	0.039	1	ZNF562	c21
0.0547420286761806	-3.01520306193712	0	0.041	1	GHDC	c21
2.30472577020832e-24	-3.01495545805809	0.035	0.682	7.72958928812465e-20	CNN2	c21
0.0324013389500767	-3.01485073746253	0	0.051	1	NDUFB8	c21
0.0311247283117553	-3.01478524196918	0	0.051	1	NIPA1	c21
0.0652815374403882	-3.01413765304859	0	0.038	1	ANO10	c21
0.0351152455721975	-3.01394328736075	0	0.049	1	ODF3B	c21
0.138644862723331	-3.01266239514402	0	0.025	1	RETREG1	c21
0.0378044201793659	-3.01219452870268	0	0.048	1	MAML1	c21
5.2203317596126e-13	-3.0119811998951	0.012	0.421	1.75079486553887e-08	EIF4E2	c21
0.0311247283057914	-3.01135608401596	0	0.051	1	MAST2	c21
0.0536439313866374	-3.01122513945927	0	0.042	1	RAD51B	c21
0.104041074293673	-3.01058516982038	0	0.03	1	ZNF429	c21
0.0339576192331213	-3.01048371485249	0	0.05	1	CNOT6	c21
0.0478330757713609	-3.01046526071771	0	0.044	1	SETD1A	c21
0.0192237667309166	-3.00915078685383	0	0.06	1	FECH	c21
0.0912431327012952	-3.00857585391803	0	0.032	1	ABCD2	c21
0.0605886342256601	-3.00840615240521	0	0.039	1	FOXJ2	c21
0.0393581431200794	-3.00787995942198	0	0.047	1	C2orf76	c21
0.0373004322676439	-3.00771557973921	0	0.048	1	TUBE1	c21
1.23494330501308e-19	-3.00739468822878	0.035	0.602	4.14175285635286e-15	PSMC5	c21
0.0332816133228875	-3.0065324428975	0	0.05	1	MAP3K20	c21
0.0396233173681604	-3.00446592384734	0	0.047	1	HHLA3	c21
0.0518636172705172	-3.00445854294971	0	0.042	1	B3GLCT	c21
9.75377713002638e-13	-3.00442696928035	0.012	0.414	3.27122177386825e-08	ATP5MC1	c21
0.0432401826926434	-3.00412678614446	0	0.045	1	RP2	c21
8.99977934943965e-13	-3.00395986417748	0.012	0.415	3.01834599821507e-08	SNRPB2	c21
0.0251228832589125	-3.003293477944	0	0.055	1	ZNF771	c21
5.48494520212013e-09	-3.00311303630104	0.012	0.315	0.000183954092188705	NR1H2	c21
2.46028550139861e-24	-3.00282554750164	0.035	0.684	8.25130551459065e-20	H2AFV	c21
8.20685862161717e-14	-3.00267039496337	0.012	0.44	2.75241624451797e-09	TOMM5	c21
0.0192237667419592	-3.00261474075346	0	0.06	1	SCO2	c21
0.188256860581655	-3.00204984482463	0.047	0.025	1	IGLV10-54	c21
0.0368032419032239	-3.00159470491034	0	0.048	1	UPRT	c21
0.0388331767653898	-3.00152743884865	0	0.047	1	RBMXL1	c21
0.0293041269735605	-3.00147341563006	0	0.052	1	POMGNT1	c21
0.0438256625431706	-3.00136338737585	0	0.045	1	ENOX2	c21
0.604641515995581	3.00112485279617	0.012	0.007	1	METRNL	c21
0.616588067084561	3.00098215968986	0.012	0.007	1	ANKHD1-EIF4EBP3	c21
0.0597734195657819	-3.00090895413381	0	0.04	1	RUNDC1	c21
0.0478330757805755	-3.00081139840555	0	0.044	1	ETAA1	c21
1.64871661300823e-09	-3.00021437949657	0.012	0.33	5.52946577670701e-05	RSF1	c21
1.85368428814965e-37	-3.000181180215	0.593	0.955	6.21688636559629e-33	TMSB4X	c21
0.0138468353457117	-2.99924386903635	0	0.066	1	AL445524.1	c21
0.0341860206204436	-2.99909799173275	0	0.05	1	DVL3	c21
0.980493024549786	2.99687847577814	0.012	0.011	1	BX890604.1	c21
0.0239732955633941	-2.99678611378583	0	0.056	1	MTHFD1L	c21
0.0779286956293365	-2.99638104085069	0	0.035	1	ZNF484	c21
0.0540074347534202	-2.99637754419501	0	0.041	1	SAMD4B	c21
3.16888628009449e-19	-2.99611771536139	0.023	0.574	1.06278108061809e-14	UBE2N	c21
0.0639656562927511	-2.99587355595663	0	0.038	1	IL15	c21
7.42463753904432e-06	-2.99560097627658	0.012	0.214	0.249007493784469	ZNF292	c21
0.0518636172805248	-2.99535395494243	0	0.042	1	TDRD7	c21
0.0303019214492761	-2.99520827350413	0	0.052	1	MCEE	c21
2.00685475381194e-15	-2.99518264064328	0.012	0.476	6.73058947333448e-11	PDCD6	c21
1.70994969261451e-05	-2.99511563502848	0.012	0.201	0.573482927909053	BTG2	c21
0.094441219884832	-2.99506283277278	0	0.032	1	AL117339.5	c21
2.14483494455434e-11	-2.99465787009436	0.012	0.381	7.19334743704635e-07	MRPL4	c21
0.212587726487432	-2.99455993774583	0	0.018	1	SLC40A1	c21
0.0529244195390036	-2.99409815102172	0	0.042	1	TOGARAM2	c21
0.0732855956457373	-2.99386682715091	0	0.036	1	AASDH	c21
0.0456309385535623	-2.99376114039156	0	0.044	1	D2HGDH	c21
0.0363127539680605	-2.99238761665911	0	0.049	1	FANCM	c21
0.0189682072654023	-2.9918999992925	0	0.06	1	NMB	c21
0.0251228832541029	-2.99037145657218	0	0.055	1	UBXN10-AS1	c21
0.256866301927026	-2.98940240679723	0	0.015	1	KRT1	c21
2.95994851708216e-11	-2.98929768088564	0.012	0.377	9.92707533659016e-07	NME2	c21
0.0177403460437561	-2.98908784072209	0	0.061	1	YRDC	c21
8.74827921762738e-17	-2.98902787872121	0.012	0.504	2.93399788400787e-12	ENSA	c21
0.0317565698551045	-2.98894856448438	0	0.051	1	MVK	c21
8.27261396332922e-13	-2.98886981968419	0.012	0.416	2.77446927102135e-08	COPS6	c21
2.50965353905018e-26	-2.98826056056132	0.058	0.746	8.4168760392665e-22	ATP5MC2	c21
1.17678661470822e-31	-2.98705342024863	0.14	0.835	3.94670694840842e-27	NACA	c21
0.0964165507986588	-2.98549638869444	0	0.031	1	ZNF26	c21
2.72723492571936e-20	-2.98546007215332	0.058	0.64	9.1466004938776e-16	CTSH	c21
0.0661742853368987	-2.98545069009519	0	0.038	1	DUSP1	c21
0.0823130533650338	-2.98543847057779	0	0.034	1	EPAS1	c21
2.43541912611404e-09	-2.9854120693041	0.012	0.325	8.16790866516127e-05	RBPJ	c21
0.0950948806103261	-2.98477420051306	0	0.031	1	CLCN6	c21
0.0661742853497519	-2.98355084019321	0	0.038	1	ASB3	c21
0.0383153022992682	-2.98129996616952	0	0.048	1	SLC2A4RG	c21
4.88498085317185e-17	-2.98122580618554	0.012	0.51	1.63832487853678e-12	NDUFA2	c21
0.0508245462640338	-2.98085500997557	0	0.043	1	MIR22HG	c21
0.0475119721242298	-2.9806734821618	0	0.044	1	ANKRD46	c21
0.0156213931717937	-2.98047858241778	0	0.064	1	AL662899.2	c21
0.0554868633915634	-2.97785000470448	0	0.041	1	EFNA4	c21
0.0773980206291331	-2.97737830363726	0	0.035	1	FUCA1	c21
2.47065867658127e-28	-2.97659549783174	0.058	0.778	8.28609506951827e-24	YWHAZ	c21
0.0881586781777766	-2.9744862812575	0	0.033	1	MCM9	c21
0.0313339223890667	-2.97411908269846	0	0.051	1	MANBAL	c21
0.0577843427851376	-2.9740310431343	0	0.04	1	ZNF213-AS1	c21
4.98786144243757e-18	-2.97322276584834	0.012	0.529	1.67282897056471e-13	GABARAPL2	c21
0.0501436724867637	-2.97314524203814	0	0.043	1	C11orf98	c21
4.22804886187934e-13	-2.97280165483564	0.012	0.423	1.41800302729709e-08	TMUB1	c21
2.98886508670971e-29	-2.97229196676428	0.116	0.805	1.0024055727807e-24	RPL35	c21
0.0426626497933518	-2.97195723990301	0	0.046	1	MFSD9	c21
1.16548480482349e-11	-2.97164770432653	0.012	0.387	3.90880293841703e-07	SKAP1	c21
2.27483852777297e-24	-2.97150414541269	0.047	0.699	7.62935345444498e-20	COX7C	c21
0.0344159729859269	-2.97097092525327	0	0.05	1	CEP89	c21
2.93225822926608e-12	-2.97070819235257	0.012	0.403	9.83420764931256e-08	OCIAD1	c21
0.604641515995581	2.97061625340429	0.012	0.007	1	GABBR1	c21
1.93877569739803e-23	-2.97059969031177	0.047	0.685	6.50226593393353e-19	UQCRB	c21
0.0488097288012855	-2.97018385739303	0	0.043	1	ARSB	c21
0.058571683899736	-2.97005004035457	0	0.04	1	PER1	c21
0.121279980855526	-2.96894745977962	0	0.027	1	LENG8-AS1	c21
0.0547420286550283	-2.9687144628131	0	0.041	1	TEX10	c21
1.90415502735387e-10	-2.96853622986969	0.012	0.356	6.38615513073942e-06	EIF4A3	c21
4.80674865393093e-12	-2.96832284976546	0.012	0.397	1.61208736355535e-07	RAB11FIP1	c21
0.0261521363549906	-2.96805067918744	0	0.054	1	WSB2	c21
3.65980155797872e-16	-2.96793350305057	0.035	0.527	1.2274242465149e-11	TYMS	c21
0.0263277453352016	-2.96776554715421	0	0.054	1	ETFRF1	c21
0.0475119721150783	-2.96740156098406	0	0.044	1	DUSP5	c21
0.0456309385359967	-2.96604235950789	0	0.044	1	ZNF85	c21
1.52426005414084e-13	-2.96595690390549	0.012	0.434	5.11206336957755e-09	H2AFJ	c21
2.76776464415161e-28	-2.96553169959118	0.093	0.802	9.28252906355566e-24	PPIB	c21
0.136696111527178	-2.96539897381288	0	0.025	1	PDE8A	c21
0.13102605287716	-2.96448915111636	0	0.026	1	TRIM66	c21
0.0426626497851493	-2.96429703473862	0	0.046	1	FMR1	c21
2.79589310281539e-09	-2.96376531460847	0.012	0.323	9.37686628822226e-05	ERI1	c21
0.868439949649945	2.96361808385706	0.012	0.014	1	ZNF792	c21
0.040976613644717	-2.96043256103961	0	0.046	1	SMIM27	c21
0.0577843427963168	-2.95973281828229	0	0.04	1	GCC1	c21
0.0679978181985068	-2.95881311162445	0	0.037	1	BRIP1	c21
0.0488097288200984	-2.95840226472675	0	0.043	1	RFX1	c21
0.0360699940555076	-2.95834941931752	0	0.049	1	UGDH	c21
0.0393581431503138	-2.95639933813334	0	0.047	1	CCDC138	c21
0.0375515704932703	-2.95573359862045	0	0.048	1	FANCB	c21
2.63464360866707e-12	-2.95571842854123	0.012	0.404	8.83606773474761e-08	SMC4	c21
0.0498067363621936	-2.95512083761041	0	0.043	1	AC093323.1	c21
0.0869557085767049	-2.95263991644944	0	0.033	1	AC010654.1	c21
0.0456309385623452	-2.95220858484148	0	0.044	1	TRIM24	c21
4.54054974069459e-15	-2.95172707759137	0.023	0.489	1.52280957203415e-10	ISG15	c21
3.06175193326574e-10	-2.95121981433654	0.012	0.35	1.02685036337866e-05	POLR3K	c21
0.0784631605508612	-2.9497787937438	0	0.035	1	TANGO6	c21
1.5404742485282e-16	-2.94946447012984	0.023	0.521	5.16644253471387e-12	CCT5	c21
2.29741967716118e-13	-2.94927905449347	0.012	0.429	7.70508611326318e-09	FIBP	c21
0.0763479234823126	-2.94924347272286	0	0.035	1	ZBTB4	c21
0.0344159730189259	-2.94800565290605	0	0.05	1	BRD3OS	c21
0.0790014450385543	-2.9479393282131	0	0.035	1	ZNF490	c21
0.0238134284098321	-2.94768139403732	0	0.056	1	HACD1	c21
0.124730496929169	-2.94730066144985	0	0.027	1	KCNQ1OT1	c21
2.16383782364461e-14	-2.94676837849148	0.035	0.491	7.25707929293931e-10	SDF2L1	c21
0.0722933967199673	-2.94654270847408	0	0.036	1	USF3	c21
0.0375515705148929	-2.94584632903998	0	0.048	1	KCTD17	c21
0.0652815373896911	-2.94558542134283	0	0.038	1	TRIM65	c21
1.88844088210488e-08	-2.94459677535631	0.012	0.298	0.000633345303040334	IL2RG	c21
0.0285297353922708	-2.94457961588531	0	0.053	1	TESMIN	c21
0.0679978181720684	-2.94449253905711	0	0.037	1	PLEKHG2	c21
0.0689289909133134	-2.94210753877253	0	0.037	1	ZNF227	c21
0.0737869845528226	-2.94112440769801	0	0.036	1	PREPL	c21
0.0722933967481366	-2.94064555879894	0	0.036	1	TOGARAM1	c21
0.0504829368353713	-2.93998449049632	0	0.043	1	AL135925.1	c21
0.0380589933343316	-2.93912014310381	0	0.048	1	PKP4	c21
0.125609531599552	-2.93889323483578	0	0.027	1	ZNF331	c21
0.134777077295424	-2.93860371940372	0	0.025	1	ZNF234	c21
0.0518636172905324	-2.9380952135219	0	0.042	1	TCAF1	c21
0.0605886341904495	-2.93716806072388	0	0.039	1	USPL1	c21
0.0631036263913679	-2.93712425415333	0	0.039	1	TMEM192	c21
2.75876988170063e-14	-2.93662690252692	0.012	0.451	9.25236242924757e-10	NOL7	c21
0.0501436725254389	-2.93602769272965	0	0.043	1	RABGEF1	c21
0.0475119720967751	-2.93544410788761	0	0.044	1	CEP68	c21
0.0426626497851493	-2.93500169339724	0	0.046	1	SFXN5	c21
0.0679978181588492	-2.93366310343695	0	0.037	1	USP25	c21
0.0404297580676038	-2.93272643070656	0	0.047	1	HNRNPA1P48	c21
0.731866184691778	2.9325969743598	0.012	0.008	1	MACC1	c21
0.247198131474964	-2.92935495474145	0	0.015	1	FCGR2B	c21
0.0618329652368498	-2.92833584578531	0	0.039	1	TUBGCP5	c21
0.0635331341193789	-2.9273816112127	0	0.039	1	URGCP	c21
0.0488097288012855	-2.92648044552717	0	0.043	1	RGS3	c21
0.0536439313555602	-2.92494303711781	0	0.042	1	DVL2	c21
1.0827093298862e-20	-2.9246889550557	0.047	0.638	3.63119055057235e-16	DYNLL1	c21
0.0385733592904352	-2.92313784139923	0	0.047	1	ABHD6	c21
0.796643803002212	2.92305721175919	0.012	0.015	1	ASB13	c21
8.64434315120644e-12	-2.92292038704406	0.012	0.391	2.89913980605162e-07	NSA2	c21
1.55020564811547e-06	-2.92288697211399	0.012	0.237	0.0519907970264966	PCM1	c21
4.32151917764578e-13	-2.92254586936675	0.012	0.423	1.44935110179884e-08	DNAJB6	c21
2.72865615065023e-21	-2.92212114601504	0.023	0.611	9.15136699805075e-17	RPS20	c21
1.65514300648438e-14	-2.92167000238356	0.012	0.456	5.55101861514732e-10	SLBP	c21
2.9985631731817e-25	-2.92161126158878	0.047	0.705	1.00565811702168e-20	RPL31	c21
0.0748004780081656	-2.92143524480295	0	0.036	1	MCOLN2	c21
1.30097066282564e-08	-2.92066927409215	0.012	0.304	0.000436319540898464	MRPS18A	c21
1.94356674972364e-06	-2.92000788909362	0.012	0.234	0.0651833416522313	CHST11	c21
1.84278268939803e-12	-2.91940759433637	0.012	0.408	6.1803245837031e-08	PTDSS1	c21
0.059773419588931	-2.91876036066624	0	0.04	1	AC008555.5	c21
0.069873365291611	-2.91821833939881	0	0.037	1	TNFRSF10B	c21
0.265736362710751	2.91769891010765	0.012	0.004	1	PCSK5	c21
0.0689289909133134	-2.9154856694949	0	0.037	1	METTL25	c21
2.66565263831788e-11	-2.91494085724646	0.012	0.378	8.94006581839051e-07	TIMM8B	c21
0.0450209231766404	-2.91474140324994	0	0.045	1	C17orf80	c21
0.0693995153483775	-2.91132511347514	0	0.037	1	NAPB	c21
0.0679978181720684	-2.90953411487469	0	0.037	1	DNAJB4	c21
0.0657263463699521	-2.90935422903479	0	0.038	1	RRM2B	c21
0.0468763400376621	-2.90931909902838	0	0.044	1	GNPDA2	c21
0.0950948806103261	-2.90857373326642	0	0.031	1	PAQR8	c21
0.113093709474153	-2.90856331992163	0	0.028	1	IPMK	c21
0.0957533112965178	-2.90838132452619	0	0.031	1	PRDM10	c21
0.0305055471020881	-2.90794620123458	0	0.052	1	PCTP	c21
4.47093302427127e-08	-2.90771827383257	0.012	0.287	0.0014994615176801	RAB6A	c21
0.0441214183017309	-2.90745269016823	0	0.045	1	TAF6L	c21
0.0614152917432435	-2.9061291362773	0	0.039	1	LYL1	c21
0.249096454844217	-2.90604252342096	0	0.015	1	BLNK	c21
0.0224218081263824	-2.90238783249554	0	0.057	1	EEF1G	c21
3.23360684688801e-16	-2.90040909016739	0.012	0.493	1.0844870643093e-11	PCMT1	c21
0.021253263371776	-2.90026268551377	0	0.058	1	VKORC1	c21
4.50032462014669e-16	-2.89996663434056	0.012	0.49	1.5093188711048e-11	UFD1	c21
0.337557640731307	2.89977569933532	0.012	0.005	1	AC136475.3	c21
0.0201455871638959	-2.89976040442866	0	0.059	1	SMIM13	c21
0.0566236496966049	-2.89959245855916	0	0.041	1	STRN3	c21
0.0321849627893589	-2.89941757711592	0	0.051	1	SLC35F2	c21
1.33482640950384e-15	-2.89936383558958	0.012	0.48	4.47674081219398e-11	RPL17	c21
1.4195931470909e-07	-2.89912001569577	0.012	0.272	0.00476103149671348	PRDX4	c21
0.0407022542015746	-2.89779615782951	0	0.047	1	DCUN1D3	c21
0.108466954294295	-2.89701280103774	0	0.029	1	TFEB	c21
5.35405155052768e-08	-2.8968994444325	0.012	0.285	0.00179564180901597	PTPN1	c21
0.0168153505027881	-2.89505243075115	0	0.062	1	CEND1	c21
0.0684617668530214	-2.8949652888263	0	0.037	1	LRSAM1	c21
8.09493343774987e-08	-2.89470723408545	0.012	0.279	0.00271487877635255	ABI1	c21
0.126495243996178	-2.89421682961957	0	0.026	1	IL1R1	c21
0.350832122535167	-2.89402206350353	0	0.01	1	IGLL5	c21
0.0784631605661969	-2.89386855601816	0	0.035	1	AMMECR1L	c21
5.47357421375016e-23	-2.89369497186438	0.058	0.69	1.83572731980753e-18	ELOB	c21
0.0970846383916991	-2.89350219471542	0	0.031	1	ECM1	c21
0.0291085695168346	-2.89238928680556	0	0.053	1	TOMM40L	c21
0.638588335016604	2.89197183633324	0.023	0.017	1	C3orf62	c21
0.946414778380687	2.8914497438231	0.012	0.011	1	SENCR	c21
0.0270420969255241	-2.89116987105993	0	0.054	1	HILPDA	c21
3.11640164355216e-23	-2.89046637233796	0.047	0.683	1.04517878321452e-18	ATP5F1D	c21
0.719414130184393	2.89023610216884	0.035	0.044	1	NECAB3	c21
0.0639656562555184	-2.89016890076957	0	0.038	1	GCNT1	c21
4.82094906352095e-08	-2.88966661809081	0.012	0.286	0.00161684989692366	TSSC4	c21
1.5351687505441e-20	-2.8894154696389	0.035	0.617	5.14864895557479e-16	TMEM59	c21
9.52109987747561e-16	-2.88911537431046	0.047	0.539	3.19318647690777e-11	TMEM173	c21
0.0562420907105198	-2.88807419016543	0	0.041	1	CEP290	c21
0.118759421345366	-2.88781508846564	0	0.028	1	MYLIP	c21
0.0918735132026005	-2.88762635678298	0	0.032	1	TCEAL3	c21
0.057784342807496	-2.88762196032054	0	0.04	1	MLYCD	c21
0.0635331341193789	-2.88754894250433	0	0.039	1	GXYLT1	c21
0.0206920221700643	-2.88754559857367	0	0.059	1	PRR34-AS1	c21
0.0577843427963168	-2.8864401080097	0	0.04	1	IKZF5	c21
0.0652815374403882	-2.88607375342436	0	0.038	1	PHLDB3	c21
0.0698733653052076	-2.88581074603581	0	0.037	1	CAB39L	c21
0.057007864873724	-2.88577064198228	0	0.04	1	TIRAP	c21
0.095094880572815	-2.88485479628675	0	0.031	1	MAST3	c21
2.76064985108638e-19	-2.88433146502084	0.023	0.575	9.25866747057349e-15	ATP5F1C	c21
0.0251228832733412	-2.8839526390996	0	0.055	1	IFT22	c21
0.0727877420343637	-2.88333269527879	0	0.036	1	HERC3	c21
0.0444192039346767	-2.88284346040429	0	0.045	1	THAP12	c21
0.0450209231766404	-2.88114561880338	0	0.045	1	REPIN1	c21
0.0447190339866279	-2.88013587632022	0	0.045	1	UTP15	c21
1.23811724234036e-15	-2.87993698923788	0.012	0.48	4.15239760736109e-11	ATP5MPL	c21
6.19708617550547e-12	-2.87923554702625	0.012	0.395	2.07837876154102e-07	IFI27L2	c21
0.0795435789002684	-2.87884489125887	0	0.035	1	SLC9A1	c21
0.0471930654458472	-2.87612135879405	0	0.044	1	PTER	c21
0.0742919362120788	-2.87534858933286	0	0.036	1	JAKMIP2	c21
1.19278606887382e-17	-2.87526532323587	0.023	0.544	4.00036591778902e-13	GNG2	c21
0.0795435789469352	-2.87413709515528	0	0.035	1	PRKAB2	c21
6.37864235423613e-13	-2.87387259668645	0.012	0.419	2.13926907276372e-08	LMAN1	c21
0.0566236497075538	-2.8737452596308	0	0.041	1	GPR35	c21
3.58820609486731e-23	-2.87365974143621	0.035	0.658	1.2034125600966e-18	RPL27A	c21
4.83363651322338e-09	-2.87342032594381	0.012	0.316	0.000162110501380486	DNTTIP2	c21
1.43589641555907e-14	-2.87336561150239	0.012	0.457	4.81570939850202e-10	SF3B4	c21
0.111528508118492	-2.87308810132568	0	0.029	1	ARL15	c21
4.07123140298069e-28	-2.87298166086889	0.081	0.799	1.36540958793166e-23	TMBIM6	c21
0.027042096904812	-2.87263380237868	0	0.054	1	FAM89B	c21
0.143650343083921	-2.87123050101699	0	0.024	1	PLCG2	c21
0.104041074355548	-2.87110317809425	0	0.03	1	PPP1R12B	c21
0.0515148691629044	-2.87108058796074	0	0.042	1	PXYLP1	c21
0.0570078648957742	-2.87057304452201	0	0.04	1	C16orf58	c21
0.0242962622795302	-2.86968558876735	0	0.056	1	TRMT61A	c21
0.0547420286656045	-2.86953418330757	0	0.041	1	LDOC1	c21
0.0326191817702473	-2.86848552069365	0	0.05	1	CDPF1	c21
0.0626771105096915	-2.86826376260301	0	0.039	1	SLC15A4	c21
0.0753126377302871	-2.86756128370691	0	0.036	1	FAM168A	c21
6.09885586777602e-16	-2.86727366998753	0.012	0.487	2.04543428093472e-11	TWF2	c21
0.102608708819182	-2.86720145791952	0	0.03	1	NLRP2	c21
0.0543734610307633	-2.86595435455669	0	0.041	1	ANK1	c21
0.0614152917313418	-2.8654190621789	0	0.039	1	AL109741.1	c21
0.0415309754406265	-2.86467851866515	0	0.046	1	KIAA1841	c21
1.82919157050312e-14	-2.86449958797425	0.012	0.455	6.13474268915335e-10	PPA1	c21
3.24169675642755e-13	-2.86263326825291	0.012	0.426	1.08720025817067e-08	STK17B	c21
0.135732913095224	-2.86223428660631	0	0.025	1	HLA-DOA	c21
1.04931109193305e-07	-2.86091782306702	0.012	0.276	0.00351917954012505	TCERG1	c21
9.03314104958085e-14	-2.8601613885948	0.012	0.439	3.02953484520843e-09	IAH1	c21
0.919728077311927	2.86001648982825	0.012	0.011	1	ZNF559	c21
0.0703505663698698	-2.85989302290365	0	0.037	1	TMEM65	c21
0.0363127539401917	-2.85955571157762	0	0.049	1	UBXN2B	c21
5.87514808919589e-09	-2.85875865182552	0.012	0.314	0.000197040716615452	EMB	c21
0.155372549532593	-2.85832654015704	0	0.023	1	TAF4B	c21
0.0558631683574889	-2.85827434866838	0	0.041	1	SLC9A3	c21
0.0811933795726017	-2.85820839214937	0	0.034	1	SARM1	c21
0.0722933967481366	-2.85797812010311	0	0.036	1	HSDL1	c21
0.0295010059098199	-2.85789041098817	0	0.052	1	SLC48A1	c21
0.0753126376715045	-2.85763463248689	0	0.036	1	ZNF138	c21
4.55842564123172e-25	-2.85701811388494	0.07	0.738	1.52880479155629e-20	MIF	c21
0.0529244195798714	-2.85678197593051	0	0.042	1	DENND1A	c21
4.7113053254383e-07	-2.85672235455486	0.012	0.255	0.015800775800455	DCTN1	c21
0.0718025330255057	-2.85599326669162	0	0.036	1	FXR2	c21
0.0998062680608822	-2.85580615055022	0	0.031	1	ZKSCAN8	c21
2.48878715653186e-21	-2.8554322649912	0.023	0.612	8.34689436557654e-17	C19orf53	c21
0.124730496879102	-2.85486501509196	0	0.027	1	GPR89B	c21
0.0779286955988829	-2.85447175923597	0	0.035	1	AC139530.1	c21
0.0585716838884004	-2.8538882094271	0	0.04	1	PDIK1L	c21
1.05515177218322e-17	-2.85385919249862	0.035	0.565	3.53876801354808e-13	NDUFAB1	c21
0.0468763400557158	-2.85371763408545	0	0.044	1	DBR1	c21
1.35229583650939e-12	-2.85349738226893	0.012	0.411	4.53532977648518e-08	TIMM17A	c21
0.0529244195798714	-2.85342271590167	0	0.042	1	ALKBH1	c21
0.0899959691795095	-2.85253759993499	0	0.032	1	ZFYVE1	c21
0.0501436725254389	-2.85218705842118	0	0.043	1	COMMD7	c21
0.0742919362120788	-2.85178392880682	0	0.036	1	RIPK3	c21
0.0937922907892927	-2.85098432293787	0	0.032	1	ZNF600	c21
0.0429504299354994	-2.85086930291356	0	0.046	1	INTS5	c21
5.81909281260312e-13	-2.85061825876244	0.012	0.42	1.95160734749083e-08	MRPL14	c21
0.0236546289409816	-2.8504095694541	0	0.056	1	SETD9	c21
0.117110287199337	-2.85025603992593	0	0.028	1	FBF1	c21
0.0675371201709884	-2.85024206272066	0	0.037	1	PRR5L	c21
0.188900331649373	-2.84739729544649	0	0.02	1	FGFBP2	c21
9.6439626070333e-09	-2.84680854543793	0.012	0.307	0.000323439217914683	TRIM69	c21
0.0950948805915706	-2.84634857554174	0	0.031	1	SOS2	c21
0.155372549532593	-2.84615788059398	0	0.023	1	ERCC6	c21
0.049472111480995	-2.84603600757296	0	0.043	1	YTHDF1	c21
0.119593306223543	-2.84456793042629	0	0.027	1	AL662844.4	c21
0.0566236496966049	-2.84374074726234	0	0.041	1	DDX31	c21
0.308470752456748	2.84359556717959	0.012	0.004	1	AC008549.2	c21
0.0817512150746117	-2.8433402114689	0	0.034	1	KIF16B	c21
5.44483733886756e-10	-2.84333766710874	0.012	0.343	1.8260895467094e-05	CD6	c21
2.0151639748791e-21	-2.84272630472566	0.023	0.614	6.75845693894953e-17	ATP5F1A	c21
0.0693995153753798	-2.84271168794038	0	0.037	1	MTMR11	c21
1.95183179518935e-12	-2.84217791224687	0.012	0.407	6.54605347470603e-08	EMC7	c21
0.0737869845672091	-2.84156542081263	0	0.036	1	GALNT6	c21
1.66314925083876e-19	-2.84150168608333	0.023	0.579	5.57786995746303e-15	SRSF10	c21
0.0353515118823958	-2.83916600473275	0	0.049	1	GIPC1	c21
0.0666253779799781	-2.83805533022944	0	0.038	1	SLC38A6	c21
0.0618329652248648	-2.83798330861302	0	0.039	1	ZNF212	c21
3.47154728269345e-36	-2.83677099551194	0.291	0.919	1.16428752766973e-31	VIM	c21
0.0618329652488347	-2.8367152527128	0	0.039	1	TGFBRAP1	c21
0.103322260245996	-2.83651090439444	0	0.03	1	RASGRP3	c21
1.70534899119044e-16	-2.83511840135258	0.012	0.498	5.71939944665449e-12	RNF7	c21
0.0857699293434049	-2.83496954211345	0	0.033	1	PSTPIP2	c21
0.0964165507415674	-2.83481719010512	0	0.031	1	CASK	c21
0.0423768281166152	-2.83471196587762	0	0.046	1	CCNY	c21
0.0305055471079327	-2.8335058310147	0	0.052	1	OXSM	c21
0.0635331341563522	-2.83270670252	0	0.039	1	WDR89	c21
0.0536439313866374	-2.83241350138738	0	0.042	1	XPNPEP3	c21
0.0328385015158723	-2.83226644009672	0	0.05	1	DNAJC25-GNG10	c21
0.111528508074079	-2.83214231426643	0	0.029	1	RENBP	c21
2.87147346930366e-06	-2.83210469965642	0.012	0.228	0.0963034772135063	SMG1	c21
0.06707964819356	-2.83192854451233	0	0.038	1	R3HDM2	c21
0.0790014450848899	-2.83161181187864	0	0.035	1	KMT2E-AS1	c21
2.5886106269894e-06	-2.83129539019924	0.012	0.23	0.0868168232079705	TNFRSF1A	c21
1.01677209180247e-15	-2.83126958091377	0.012	0.482	3.41005024148712e-11	DDX46	c21
6.90453630790269e-11	-2.83090728478929	0.012	0.368	2.3156433869444e-06	GARS	c21
5.73426753497268e-09	-2.83060810372817	0.012	0.314	0.000192315864587914	SELENOS	c21
3.29510682194831e-15	-2.83001407942427	0.023	0.493	1.10511292594503e-10	FIS1	c21
0.0851834014722267	-2.82979412218867	0	0.033	1	PPP1R37	c21
0.0543734609887502	-2.82852050567988	0	0.041	1	IL7	c21
0.0944412199220716	-2.82832209435011	0	0.032	1	RBM12B	c21
1.27191988920304e-10	-2.82783956941538	0.012	0.361	4.26576492440916e-06	TEX30	c21
2.29409768560778e-14	-2.82772501076606	0.023	0.474	7.69394481799138e-10	DNAJC8	c21
0.0415309754326448	-2.82725978841842	0	0.046	1	AL118516.1	c21
0.0581766453573112	-2.82725759694343	0	0.04	1	TRMT10A	c21
0.0661742853240456	-2.82701988394433	0	0.038	1	CD99L2	c21
0.0944412198662122	-2.82701084521475	0	0.032	1	AC234772.2	c21
0.0491397811621894	-2.8260206406507	0	0.043	1	TMEM185B	c21
0.164558867016091	-2.82398911609698	0	0.022	1	TP53INP1	c21
0.104041074355548	-2.8232246126007	0	0.03	1	MPP6	c21
0.137666738840889	-2.82303793101927	0	0.025	1	AC016831.1	c21
1.03507466309609e-20	-2.82296967702159	0.012	0.579	3.47143340509168e-16	YWHAH	c21
0.107715630131026	-2.82212628264372	0	0.029	1	FBXO32	c21
0.0679978181588492	-2.82200674472198	0	0.037	1	ZNF589	c21
0.0851834014555177	-2.82182121543238	0	0.033	1	GRK5	c21
0.0722933967481366	-2.82181639869532	0	0.036	1	ASB16-AS1	c21
2.0300825122027e-10	-2.82173360596978	0.012	0.355	6.8084907294254e-06	SNRNP200	c21
2.05322146978073e-06	-2.82139225782915	0.012	0.233	0.0688609416535062	AP3S1	c21
0.0566236496966049	-2.82058748550425	0	0.041	1	HIST1H1A	c21
1.98359065729255e-18	-2.82046008261855	0.023	0.559	6.65256634642775e-14	MRPL51	c21
0.0532829323949242	-2.82016386350246	0	0.042	1	TBC1D22B	c21
0.117110287152545	-2.8200140114375	0	0.028	1	HIP1R	c21
2.87322064533763e-12	-2.81920401210801	0.012	0.403	9.63620740033333e-08	DNPH1	c21
0.0957533112776253	-2.81825812534581	0	0.031	1	ZNF699	c21
0.0869557085937779	-2.81802241525736	0	0.033	1	SLC2A11	c21
0.092508474960618	-2.81773307638415	0	0.032	1	ANKMY1	c21
0.0779286956293365	-2.81719715902765	0	0.035	1	ZNF140	c21
0.0435319221183074	-2.81711552473038	0	0.045	1	TMEM42	c21
9.66128289011218e-15	-2.81632179026315	0.012	0.461	3.24020105568582e-10	CCDC107	c21
0.111528508118492	-2.81617462166431	0	0.029	1	IZUMO4	c21
0.940442523652715	2.81457558890633	0.012	0.013	1	CACNA1D	c21
0.152074798563634	-2.81418636140197	0	0.023	1	ZNF75D	c21
0.113093709451614	-2.8137746435082	0	0.028	1	NBPF11	c21
0.0358288747258443	-2.81374998157673	0	0.049	1	POMGNT2	c21
5.42154569378983e-19	-2.81370273267763	0.035	0.588	1.81827799478323e-14	DEK	c21
5.98305391666795e-15	-2.8136424657779	0.023	0.487	2.0065966225721e-10	EIF2S2	c21
0.0737869845815958	-2.81279352924402	0	0.036	1	TTLL5	c21
0.0177403460573473	-2.81214078786142	0	0.061	1	C9orf40	c21
0.0918735131845129	-2.81182030063551	0	0.032	1	PHF2	c21
2.42652152609849e-13	-2.8116470275248	0.012	0.429	8.13806789422912e-09	SS18L2	c21
0.0441214183102184	-2.81113652443568	0	0.045	1	GAS2L1	c21
6.56286229000222e-34	-2.81085771170058	0.163	0.882	2.20105275482094e-29	RACK1	c21
0.889312602527148	2.80989806433008	0.012	0.014	1	NTRK1	c21
1.52882071082063e-13	-2.80972625161748	0.023	0.454	5.12735889995023e-09	DDOST	c21
0.0581766453685684	-2.80957233437998	0	0.04	1	RAD54B	c21
0.0540074347638511	-2.80851893094373	0	0.041	1	GATC	c21
0.0597734195773565	-2.8084590727713	0	0.04	1	MAN1A1	c21
3.11000593486701e-20	-2.80807469960507	0.023	0.593	1.0430337904357e-15	VAMP8	c21
1.12641905581472e-11	-2.80769221942844	0.012	0.388	3.7777842293914e-07	UGP2	c21
0.743580428642762	2.8068535279392	0.023	0.019	1	PPIP5K1	c21
2.24569654972335e-15	-2.80581963822619	0.012	0.475	7.53161708846216e-11	MOB1A	c21
0.0648398349723851	-2.80580349616033	0	0.038	1	ARMCX5	c21
0.901812726750771	2.80551130833863	0.012	0.01	1	AC092329.3	c21
0.0438256625516003	-2.80523390579196	0	0.045	1	LDB1	c21
0.0931480550119841	-2.80473275809826	0	0.032	1	TBC1D2	c21
0.153165412476202	-2.80380494923736	0	0.023	1	CSGALNACT1	c21
0.0370509933628657	-2.80188245044375	0	0.048	1	BCKDHA	c21
0.0727877419918101	-2.80184074067706	0	0.036	1	SPATA5L1	c21
0.286477075021062	-2.80167767339545	0	0.013	1	ARHGAP24	c21
0.0398903026663302	-2.80161090064986	0	0.047	1	ZNF367	c21
0.0344159730057263	-2.80141445415594	0	0.05	1	UBOX5	c21
0.0415309754565899	-2.80139993946467	0	0.046	1	AC016065.1	c21
0.109223856941936	-2.80080349421016	0	0.029	1	TIMM23B	c21
6.06696639442252e-10	-2.80052530093683	0.012	0.342	2.03473918936142e-05	SCNM1	c21
6.64643361296467e-21	-2.8001495605184	0.035	0.625	2.22908090511609e-16	NDUFB2	c21
0.153165412538796	-2.79948687027779	0	0.023	1	TBC1D4	c21
1.86267454047276e-21	-2.799049453732	0.035	0.635	6.24703787383756e-17	ERH	c21
0.092508474978837	-2.79846876603261	0	0.032	1	BICRAL	c21
0.0491397811527181	-2.79814304892072	0	0.043	1	ESRRA	c21
7.07204075916826e-15	-2.7962812017424	0.012	0.464	2.37182102980985e-10	MRPS12	c21
1.99785390336102e-14	-2.79562948410681	0.012	0.454	6.70040242109219e-10	NUDT1	c21
7.96134641837993e-07	-2.79516592161263	0.012	0.247	0.0267007636179626	NCAPH	c21
2.58949488443892e-13	-2.7947096318667	0.012	0.428	8.68464794343125e-09	DCTN2	c21
5.77230460765941e-10	-2.79436041277574	0.012	0.343	1.93591551931681e-05	NDUFAF8	c21
0.075828443447412	-2.79339272840079	0	0.035	1	MICALL1	c21
5.57674787732064e-07	-2.79320092348638	0.012	0.252	0.018703297030958	DDX18	c21
7.63709909156738e-20	-2.79315776124957	0.023	0.586	2.56133029332987e-15	SUPT4H1	c21
7.36001340904058e-16	-2.79298286067792	0.012	0.485	2.46840129712403e-11	DCTN3	c21
1.61099102122234e-16	-2.7918033411509	0.023	0.52	5.40294168697548e-12	AP2M1	c21
1.1275527913567e-24	-2.79177439321117	0.081	0.734	3.78158655165211e-20	TAGLN2	c21
0.0589694787453463	-2.79156222692538	0	0.04	1	ATG4C	c21
0.0303019214899131	-2.79111461489204	0	0.052	1	TMEM53	c21
0.778358302474249	2.79085707114144	0.012	0.016	1	SLCO2B1	c21
0.0324013389500767	-2.78948634654647	0	0.051	1	PET117	c21
8.6106580355992e-13	-2.78938143445315	0.012	0.416	2.88784249197926e-08	NAPA	c21
0.114682383222477	-2.78926534463218	0	0.028	1	ZHX2	c21
0.0718025330115202	-2.78924081877502	0	0.036	1	GTF2E1	c21
2.58873438600765e-15	-2.78905697194401	0.012	0.473	8.68209738379246e-11	OCIAD2	c21
0.0887666953228076	-2.7888709936674	0	0.033	1	ENPP4	c21
7.05899002460787e-13	-2.78836860774154	0.023	0.438	2.36744407445299e-08	SAT1	c21
0.080089592294085	-2.78776907000778	0	0.034	1	CAPN10	c21
0.0558631683790852	-2.78732751651223	0	0.041	1	TRIT1	c21
0.130106056539339	-2.78728790779476	0	0.026	1	AC078883.1	c21
3.20019727917763e-11	-2.78678323134363	0.012	0.376	1.07328216349059e-06	RAB27A	c21
0.127387692864755	-2.78674071353577	0	0.026	1	TNFSF13B	c21
1.58967404224964e-07	-2.78641565930271	0.023	0.289	0.00533144880289684	MAL	c21
3.41764649202965e-23	-2.78581008958709	0.128	0.728	1.1462102804969e-18	TXN	c21
0.0708311440398235	-2.78480346735748	0	0.037	1	LIMK1	c21
0.104041074334923	-2.78477748515226	0	0.03	1	ZNF253	c21
0.214177888451538	-2.78407439167794	0	0.018	1	PATJ	c21
5.4811157453089e-14	-2.78380302973669	0.012	0.444	1.8382565986617e-09	ZFAS1	c21
0.122992228477658	-2.78375823545928	0	0.027	1	KIAA1147	c21
0.0532829324257875	-2.78364071161995	0	0.042	1	MTMR12	c21
5.20698285561427e-27	-2.78359093857158	0.07	0.769	1.74631791011591e-22	RPL22	c21
0.0251228832637221	-2.78317841308564	0	0.055	1	PSPH	c21
0.13963055120545	-2.78312609794816	0	0.025	1	SGK3	c21
0.044419203926131	-2.7820395287944	0	0.045	1	USP18	c21
0.049472111480995	-2.78158740044496	0	0.043	1	SETD7	c21
0.0341860206138884	-2.7813001054979	0	0.05	1	MON1A	c21
3.91909016620812e-11	-2.78126040557367	0.012	0.374	1.31438445994288e-06	COA4	c21
0.0635331341317033	-2.78066779306675	0	0.039	1	ABHD15	c21
0.067537120105355	-2.78033121334948	0	0.037	1	SESN2	c21
0.0388331767355638	-2.78019580668228	0	0.047	1	TEX261	c21
0.0666253779540908	-2.77964091014243	0	0.038	1	PCBP4	c21
0.874133289018077	2.77889547717408	0.012	0.01	1	LINC02325	c21
0.0931480550670388	-2.77858288581141	0	0.032	1	RAB11FIP2	c21
0.0684617668397089	-2.77838965018005	0	0.037	1	NFYA	c21
0.0037951495332501	-2.77796854600871	0.035	0.148	1	IL17A	c21
3.86729708910951e-26	-2.77779256071146	0.058	0.737	1.29701409774555e-21	PFDN5	c21
0.0675371201578617	-2.77755814029777	0	0.037	1	PPARD	c21
0.0758284434918128	-2.77755740200226	0	0.035	1	RNF123	c21
3.74576363124865e-15	-2.77725837698482	0.012	0.47	1.25625420664817e-10	PSMA4	c21
1.43104867160974e-06	-2.77710310134919	0.012	0.239	0.0479945103484476	ARL6IP1	c21
4.83046253133614e-09	-2.77623083730873	0.012	0.316	0.000162004052375952	SEC61A1	c21
0.0806395156553248	-2.77620224493201	0	0.034	1	UBA6-AS1	c21
1.59909726254493e-27	-2.77597176251735	0.093	0.793	5.3630523991232e-23	YBX1	c21
0.0727877420343637	-2.77488444574819	0	0.036	1	ZNF669	c21
0.0279624706279214	-2.77480286058896	0	0.053	1	MSRB2	c21
1.20191874745867e-12	-2.7747576671579	0.012	0.412	4.0309950952269e-08	ASNA1	c21
2.50754991921073e-12	-2.77442545758103	0.012	0.404	8.40982091904895e-08	MLEC	c21
0.0689289908865004	-2.77427635246788	0	0.037	1	HEG1	c21
0.0957533112776253	-2.77373805795021	0	0.031	1	AL359220.1	c21
2.50319858730869e-14	-2.77366416697457	0.023	0.473	8.39522742211589e-10	HMOX2	c21
0.0689289909267198	-2.77355460105833	0	0.037	1	KLF9	c21
2.35998348151464e-17	-2.7731763074335	0.023	0.538	7.9149126003038e-13	LPXN	c21
0.168157593869548	-2.77238221108083	0	0.022	1	CCR8	c21
9.43881804084594e-16	-2.77233789524508	0.012	0.483	3.16559079453891e-11	PSMA6	c21
0.0661742853368987	-2.7722749669214	0	0.038	1	ZBED5-AS1	c21
0.0763479234972183	-2.77223008596774	0	0.035	1	RFX7	c21
0.0661742853240456	-2.77149880316845	0	0.038	1	CMPK2	c21
8.86278547199043e-19	-2.7712334807711	0.047	0.603	2.97240099159615e-14	LGALS3	c21
0.0373004322604851	-2.77050588909434	0	0.048	1	EFCAB11	c21
0.0817512150425996	-2.76878344322424	0	0.034	1	GSE1	c21
0.0239219827345345	-2.76877001347005	0.023	0.094	1	TRBV20-1	c21
0.0906172967568468	-2.76718134278911	0	0.032	1	PLXND1	c21
0.050824546254231	-2.76582176944141	0	0.043	1	ANKRD37	c21
0.055113156520608	-2.76568806726209	0	0.041	1	GPR89A	c21
3.53153082354683e-13	-2.76550561186221	0.081	0.514	1.18440480760114e-08	HIST1H4C	c21
2.73450927651826e-19	-2.76548707902138	0.035	0.596	9.17099721158693e-15	JTB	c21
3.97233403392604e-32	-2.76534073463447	0.151	0.873	1.33224138829811e-27	PKM	c21
9.24275825103951e-10	-2.76526043531676	0.012	0.337	3.09983626223363e-05	ANAPC15	c21
0.0614152917432435	-2.76508963023428	0	0.039	1	CTNS	c21
1.03975698109993e-11	-2.76478411258688	0.058	0.461	3.48713696321295e-07	HLA-DRA	c21
0.0393581431578724	-2.76473700554144	0	0.047	1	RWDD3	c21
1.30200560306863e-15	-2.76403075534834	0.023	0.501	4.36666639157157e-11	CDC42SE1	c21
1.04727209055718e-07	-2.76345992207884	0.012	0.276	0.00351234113731066	SMARCC2	c21
5.32360027098546e-11	-2.76240911453619	0.023	0.391	1.7854290588831e-06	SSR1	c21
4.12678609536685e-10	-2.76193659533773	0.012	0.347	1.38404152066414e-05	POP4	c21
1.16601855816698e-06	-2.76163969529987	0.012	0.242	0.0391059304038043	CNOT2	c21
0.0554868633808397	-2.76085881153618	0	0.041	1	SLC12A2	c21
0.0581766453798254	-2.76080596488337	0	0.04	1	AP003392.4	c21
9.33933213327068e-29	-2.76065540120826	0.07	0.798	3.13222521085632e-24	PTPRC	c21
4.04747750712839e-11	-2.76031077615196	0.012	0.374	1.35744300634072e-06	SMC3	c21
0.0511685179207782	-2.75992893669731	0	0.042	1	SSX2IP	c21
0.0779286955988829	-2.75962543668768	0	0.035	1	ZNF296	c21
0.928981117311634	2.75913078121546	0.023	0.022	1	GSDMB	c21
0.0597734196120802	-2.7591048839705	0	0.04	1	ZBTB14	c21
5.5277921699872e-08	-2.75898172243101	0.012	0.284	0.00185391093797031	RBL2	c21
0.0869557085937779	-2.75732262426928	0	0.033	1	AC073111.5	c21
0.163378362436741	-2.75720696504685	0	0.022	1	SIDT1	c21
0.0875550274831262	-2.7548863486284	0	0.033	1	SNAPC4	c21
0.0875550275175188	-2.75474557300179	0	0.033	1	ARMC5	c21
0.0698733653324007	-2.7547325325973	0	0.037	1	FUT7	c21
0.0918735132026005	-2.7524134179216	0	0.032	1	LINC00476	c21
0.0597734195773565	-2.75213505409323	0	0.04	1	STRN4	c21
3.38271992693836e-19	-2.75203541993828	0.035	0.593	1.13449660909659e-14	TNFRSF1B	c21
0.0438256625431706	-2.7519146549099	0	0.045	1	IDNK	c21
0.0370509933415346	-2.75187445022243	0	0.048	1	FAHD2B	c21
0.109986385038268	-2.75133235549069	0	0.029	1	ZNF260	c21
0.176900659824647	-2.75101212036109	0	0.021	1	BEX2	c21
1.58028067236806e-15	-2.75092724514424	0.023	0.5	5.29994531898801e-11	HADHA	c21
0.13010605651314	-2.75072161929563	0	0.026	1	CBX7	c21
0.0398903026433438	-2.75071052985023	0	0.047	1	MTFR1	c21
0.10332226026647	-2.75057832571621	0	0.03	1	NCALD	c21
5.84166456545521e-07	-2.75048833461464	0.012	0.252	0.0195917746196237	VPS51	c21
0.0887666953751453	-2.74985610394364	0	0.033	1	ZRANB1	c21
0.0806395156553248	-2.74843926298844	0	0.034	1	STRIP2	c21
2.52988581546486e-11	-2.74824678900023	0.012	0.379	8.48473104790604e-07	MRPS36	c21
0.0605886341904495	-2.74777860918647	0	0.039	1	MIER2	c21
0.0551131565099584	-2.7475518423399	0	0.041	1	TRIB1	c21
0.987159201544454	2.74736577654169	0.012	0.012	1	ZNF563	c21
0.0906172967925025	-2.74674330088635	0	0.032	1	NCEH1	c21
0.0478330757529317	-2.74673606043384	0	0.044	1	TERF2	c21
0.155372549532593	-2.74585441934939	0	0.023	1	BCL2A1	c21
1.47681486532575e-13	-2.74522777555862	0.012	0.434	4.95294169532951e-09	NDUFC1	c21
0.24160563520872	-2.74511463939193	0	0.016	1	TCF4	c21
0.0869557085767049	-2.74458846519105	0	0.033	1	YES1	c21
0.279794055106982	-2.74439866497823	0	0.013	1	CCDC141	c21
0.120433474492264	-2.74416855795689	0	0.027	1	ZMYM1	c21
0.0713151242290358	-2.74412934690689	0	0.036	1	ACTR5	c21
2.31575137913146e-30	-2.74354743575564	0.093	0.851	7.76656697533108e-26	CYBA	c21
0.101900376561198	-2.74327742783712	0	0.03	1	HLA-G	c21
0.0718025330255057	-2.74228993422795	0	0.036	1	SETD4	c21
0.0851834014555177	-2.74160055690173	0	0.033	1	AP3S2	c21
0.0481563923856702	-2.74144980672384	0	0.043	1	CD3EAP	c21
0.0605886342256601	-2.74131744477916	0	0.039	1	TMEM64	c21
1.69575150603368e-12	-2.74108898533547	0.012	0.409	5.68721140093575e-08	ESYT1	c21
0.073285595631452	-2.74108457472718	0	0.036	1	PLEKHO2	c21
0.883523469401856	2.74029059554039	0.012	0.01	1	RNF212	c21
1.00628530924371e-07	-2.74016150086976	0.012	0.276	0.00337487967014154	PRPF19	c21
0.0670796481544555	-2.73939198002807	0	0.038	1	C10orf143	c21
5.67986874039766e-22	-2.73894090301666	0.023	0.623	1.90491437815457e-17	ATP6V1G1	c21
2.94679077928582e-16	-2.73889698464069	0.023	0.515	9.88294691556877e-12	CCT8	c21
0.0543734610097567	-2.73862619783721	0	0.041	1	MAPK9	c21
0.0937922908077778	-2.73782761042788	0	0.032	1	DHX32	c21
0.0708311439984548	-2.73723966277384	0	0.037	1	ZNF426	c21
2.72079931554452e-15	-2.736938326046	0.012	0.473	9.1250167444732e-11	DGUOK	c21
0.0570078649067992	-2.73683742553204	0	0.04	1	GSTM4	c21
5.58944213324515e-09	-2.73635110595795	0.012	0.314	0.000187458710264776	OS9	c21
0.076871106249286	-2.73602979064673	0	0.035	1	ZNF862	c21
9.30573672406939e-06	-2.73553693660138	0.012	0.211	0.312095798251839	NDE1	c21
3.85914088617566e-18	-2.73547527044929	0.047	0.591	1.29427867040559e-13	WIPF1	c21
0.058969478722517	-2.73534843197529	0	0.04	1	AP001816.1	c21
0.161045409124118	-2.7352711214087	0	0.022	1	PAOX	c21
0.171844125156461	-2.73513752375915	0	0.021	1	GPR146	c21
0.0851834014722267	-2.73432002104294	0	0.033	1	HGSNAT	c21
0.113093709451614	-2.73340535663936	0	0.028	1	ZNF623	c21
0.159892780823776	-2.73303440115639	0	0.022	1	ZNF785	c21
2.19809099097576e-10	-2.73270893006806	0.012	0.354	7.37195756553451e-06	TSC22D4	c21
2.33142527481925e-10	-2.73256791776214	0.012	0.353	7.81913408668879e-06	CCDC12	c21
8.37107773661936e-06	-2.73192472329661	0.012	0.212	0.28074920513074	ELMO1	c21
0.91923216594224	2.73092651025311	0.035	0.034	1	KIAA0556	c21
0.760730016090804	2.73050382289136	0.012	0.016	1	VLDLR	c21
0.0566236496856561	-2.73039443780209	0	0.041	1	ZNF317	c21
0.0768711062342742	-2.72974196306983	0	0.035	1	B3GALNT1	c21
0.0447190339866279	-2.72922892690742	0	0.045	1	FAM72B	c21
4.94713816043065e-15	-2.72909440394873	0.023	0.489	1.65917119624523e-10	CYC1	c21
0.0622535641530241	-2.72899030912821	0	0.039	1	PPM1N	c21
1.83415111332786e-17	-2.7289054836199	0.023	0.54	6.15137600387897e-13	ARRB2	c21
0.864645272905487	2.72875309238327	0.012	0.01	1	AC111182.1	c21
0.0857699293938929	-2.72854339198873	0	0.033	1	CROT	c21
0.0851834014220998	-2.72835446159043	0	0.033	1	LSS	c21
0.115485647639242	-2.72791329840358	0	0.028	1	PTBP2	c21
0.0773980206291331	-2.72745596000964	0	0.035	1	DHX57	c21
0.0784631605815324	-2.72688001635497	0	0.035	1	RTL10	c21
0.0601796071585677	-2.72646807631915	0	0.039	1	NLRX1	c21
0.0790014450385543	-2.72604665028323	0	0.035	1	ADAM12	c21
0.0944412199406915	-2.72598200492946	0	0.032	1	ZNF567	c21
5.42150229509311e-15	-2.72570207409178	0.012	0.466	1.81826343972833e-10	ACP1	c21
2.84107968026101e-15	-2.72522331295809	0.023	0.495	9.52841303165938e-11	PSMC3	c21
0.0698733653731904	-2.72517422280866	0	0.037	1	PRSS23	c21
2.09284044127391e-06	-2.72419583467449	0.012	0.233	0.0701896827194444	SAT2	c21
1.995726973987e-23	-2.724194625381	0.035	0.67	6.69326912535759e-19	PSMB3	c21
0.0768711062793098	-2.72419210984265	0	0.035	1	ALMS1	c21
0.0593700504088673	-2.72406017259947	0	0.04	1	THEM6	c21
0.031756569873362	-2.72405894043282	0	0.051	1	COQ3	c21
0.0328385015284618	-2.72381928284629	0	0.05	1	ERCC8	c21
0.0601796071818785	-2.72343226787136	0	0.039	1	CENPBD1	c21
0.0748004779935738	-2.72329484344878	0	0.036	1	TTLL4	c21
5.29165056252629e-06	-2.72302361531398	0.012	0.219	0.177471376566007	METTL17	c21
0.0581766453010258	-2.72154980447951	0	0.04	1	SGPL1	c21
0.121279980831237	-2.72066141296237	0	0.027	1	KDM6B	c21
0.0863606872244105	-2.72019124558896	0	0.033	1	TREML2	c21
9.6555335532406e-12	-2.72001060835784	0.012	0.39	3.23827284308583e-07	WASF2	c21
1.54616123846343e-05	-2.71955768846474	0.012	0.203	0.518551556155865	CEMIP2	c21
0.247198131474964	-2.71854450816344	0	0.015	1	PRAG1	c21
0.117110287199337	-2.71773229289354	0	0.028	1	DOPEY1	c21
0.720672237719474	2.7176666032041	0.012	0.008	1	NECTIN3	c21
0.104765194690548	-2.71730341331765	0	0.03	1	NOL4L	c21
1.799044014316e-23	-2.71725651202503	0.035	0.669	6.03363381521299e-19	CD2	c21
3.44758026914214e-05	-2.71663531568643	0.012	0.19	1	ATP2A3	c21
3.92599226359391e-17	-2.71657317084451	0.023	0.532	1.31669928536413e-12	ANXA11	c21
0.0429504299437581	-2.71610679111935	0	0.046	1	ANKRD40	c21
1.80404514084326e-14	-2.71572491846331	0.035	0.493	6.05040659336012e-10	CANX	c21
0.0444192039346767	-2.71387689133087	0	0.045	1	PIMREG	c21
1.8766158914529e-11	-2.71375287331052	0.012	0.382	6.29379437675473e-07	PDIA4	c21
2.6680079811223e-23	-2.71359984440972	0.035	0.666	8.94796516708798e-19	HNRNPA3	c21
0.0626771105096915	-2.71277329806355	0	0.039	1	DEAF1	c21
0.0415309754246631	-2.71228984127934	0	0.046	1	NR2F6	c21
0.129193038616511	-2.71202170043354	0	0.026	1	RUFY2	c21
0.075828443506613	-2.70909904263631	0	0.035	1	A4GALT	c21
0.104041074355548	-2.70862889576782	0	0.03	1	RGL2	c21
6.66522702158934e-07	-2.70772622474701	0.012	0.25	0.0223538383850063	MARS	c21
0.0501436725157701	-2.707547245935	0	0.043	1	EXOSC6	c21
0.13963055120545	-2.70691912936249	0	0.025	1	ACVR1	c21
0.0863606872244105	-2.70686754068997	0	0.033	1	HAGHL	c21
0.0957533112776253	-2.70631491170649	0	0.031	1	WDR81	c21
2.79363521734826e-23	-2.70568449347308	0.279	0.805	9.3692937919426e-19	LGALS1	c21
0.062253564165093	-2.7055255096123	0	0.039	1	PRSS21	c21
0.291042463265633	-2.70511203934593	0	0.013	1	MARCH1	c21
1.17431996000897e-13	-2.70445760072394	0.023	0.458	3.9384342818781e-09	PSMD2	c21
0.121279980879816	-2.70376236773761	0	0.027	1	FRMD4A	c21
0.0536439313659192	-2.70368297480281	0	0.042	1	MAP3K6	c21
0.111528508007459	-2.70350413906632	0	0.029	1	RHBDD1	c21
0.0703505663698698	-2.70348552006991	0	0.037	1	ATMIN	c21
1.7608923085906e-10	-2.70348177947439	0.012	0.357	5.90568062455116e-06	DHFR	c21
1.50486102541517e-15	-2.70158564847727	0.012	0.479	5.04700290703739e-11	MLF2	c21
0.0800895923410857	-2.69952038220567	0	0.034	1	TTC27	c21
0.0937922907892927	-2.69919516622626	0	0.032	1	SLC39A14	c21
0.0593700503858786	-2.69862379663854	0	0.04	1	SLC2A8	c21
0.120433474516372	-2.69828399005906	0	0.027	1	CUL9	c21
0.0834488649122908	-2.69826477321612	0	0.034	1	DLG3	c21
0.0906172967925025	-2.69777388521451	0	0.032	1	BAHD1	c21
0.0375515704860627	-2.69766973127866	0	0.048	1	MED6	c21
1.99443787063373e-14	-2.69644483983437	0.035	0.495	6.68894573053142e-10	PTTG1	c21
0.0931480550486872	-2.69621672944234	0	0.032	1	FAM185A	c21
0.0998062681003571	-2.69540910713333	0	0.031	1	PEAK1	c21
0.030505547090399	-2.6952879728421	0	0.052	1	PAM16	c21
0.0931480550303356	-2.69382620657382	0	0.032	1	ALG11	c21
0.0931480550486872	-2.69308815721545	0	0.032	1	B3GNT8	c21
9.80468341436517e-10	-2.68966876510859	0.012	0.336	3.28829472350979e-05	WTAP	c21
0.0554868634130106	-2.68931301089033	0	0.041	1	ADAL	c21
0.0863606871905091	-2.68843601406305	0	0.033	1	LTB4R	c21
7.53022404298208e-12	-2.68840506022558	0.012	0.393	2.52548653953533e-07	CKS1B	c21
0.161045409124118	-2.68837944321205	0	0.022	1	ATRN	c21
3.45364558816676e-08	-2.68773628989787	0.012	0.291	0.00115828365735937	PLK1	c21
0.668563888936875	2.68663649730077	0.012	0.018	1	AC006333.2	c21
3.39187863146994e-18	-2.68607054118124	0.023	0.554	1.13756825542239e-13	SUMO1	c21
0.0631036263668907	-2.6857839076904	0	0.039	1	AXIN1	c21
0.104765194648993	-2.68548002698082	0	0.03	1	MARK4	c21
2.19977808688234e-30	-2.68536448036988	0.163	0.851	7.37761574778598e-26	ENO1	c21
3.18689417092576e-05	-2.6853190627017	0.012	0.191	1	MYADM	c21
0.0970846384300382	-2.684938621643	0	0.031	1	ZNF100	c21
0.0698733653731904	-2.68490550677809	0	0.037	1	PRICKLE3	c21
3.45249698654606e-14	-2.68472271481129	0.012	0.448	1.15789843934782e-09	RBMX	c21
8.75907092147524e-14	-2.68464748771928	0.023	0.461	2.93761720564437e-09	RTN4	c21
0.0597734195773565	-2.68420031297302	0	0.04	1	RBM7	c21
0.076347923467407	-2.6837766847437	0	0.035	1	LY75	c21
0.149919076376209	-2.68377065973844	0	0.024	1	RAB30	c21
0.302859794907425	-2.68364491094639	0	0.012	1	LINC02397	c21
1.44011326176439e-34	-2.68218673489374	0.279	0.91	4.82985185730541e-30	PTMA	c21
0.0670796481805252	-2.68175767253868	0	0.038	1	TRIM32	c21
8.48305208035004e-24	-2.68074224012649	0.07	0.717	2.84504600670779e-19	EDF1	c21
0.0639656563175729	-2.68054229504906	0	0.038	1	ASRGL1	c21
2.17291095068037e-09	-2.68019866754102	0.012	0.326	7.28750874639182e-05	DHRS7	c21
1.0317628624042e-14	-2.67956713035101	0.012	0.46	3.46032628793122e-10	SZRD1	c21
0.0944412199593112	-2.67933537705253	0	0.032	1	UBE3D	c21
0.0573947559744766	-2.67917399289336	0	0.04	1	PGRMC2	c21
0.0817512150746117	-2.67795311313567	0	0.034	1	CPEB4	c21
5.70804820868327e-14	-2.67679865004859	0.012	0.444	1.9143652082282e-09	PRMT1	c21
2.31320731241355e-16	-2.67653017528031	0.023	0.517	7.75803468437257e-12	C9orf16	c21
2.68187224174319e-07	-2.67642579336007	0.012	0.263	0.0089944631243583	AK6	c21
0.073285595631452	-2.67522198817125	0	0.036	1	TMLHE	c21
1.48447735065883e-19	-2.67504291967516	0.047	0.616	4.97864013863959e-15	GABARAP	c21
0.131026052903559	-2.67498722431954	0	0.026	1	ZNF43	c21
6.74261205940529e-18	-2.67467174163874	0.023	0.548	2.26133723248335e-13	CD48	c21
0.0388331767355638	-2.67443322727488	0	0.047	1	TFAP4	c21
2.47176941646781e-14	-2.67374873779325	0.023	0.473	8.28982026894974e-10	LCP2	c21
0.0944412199220716	-2.67284465744758	0	0.032	1	ZNF780A	c21
0.130106056539339	-2.67231557106409	0	0.026	1	H6PD	c21
2.49984228439295e-14	-2.67046293751806	0.023	0.474	8.38397105339706e-10	NHP2	c21
0.134777077295424	-2.67045176978944	0	0.025	1	PLXNC1	c21
6.19527782257026e-09	-2.67009658516346	0.012	0.313	0.000207777227613362	TAF1D	c21
2.05552881008445e-22	-2.66996987086213	0.058	0.692	6.89383252326122e-18	SNRPD2	c21
6.11013670223527e-15	-2.66977769966566	0.023	0.486	2.04921764719567e-10	IQGAP1	c21
0.0635331341193789	-2.66959225313192	0	0.039	1	WDR25	c21
0.0429504299437581	-2.66937456561344	0	0.046	1	MACROD1	c21
0.0863606872583118	-2.66930645898341	0	0.033	1	GZF1	c21
0.121279980855526	-2.66850096602065	0	0.027	1	CADM1	c21
0.0511685179207782	-2.66832427091507	0	0.042	1	ROPN1L	c21
7.7839519204111e-20	-2.66743955139729	0.023	0.585	2.61058179506748e-15	EIF3L	c21
0.0912431327012952	-2.6672344761139	0	0.032	1	GDF11	c21
1.23341876155607e-15	-2.66672775842443	0.023	0.5	4.13663984250676e-11	GRB2	c21
0.045939094784727	-2.66620208723264	0	0.044	1	TSPAN2	c21
7.22587393940709e-07	-2.66592362124349	0.012	0.249	0.0242341360179835	ASPM	c21
4.73169564710401e-14	-2.6658695576035	0.012	0.445	1.58691608612574e-09	EIF3M	c21
0.0998062681200946	-2.66568419280644	0	0.031	1	ZNF586	c21
0.0693995153753798	-2.6652172751353	0	0.037	1	CERS6	c21
0.101197220516871	-2.66493078643568	0	0.03	1	VILL	c21
0.0977576137378775	-2.66469753080858	0	0.031	1	FAM200A	c21
0.0957533112776253	-2.66469296433744	0	0.031	1	ZBTB11-AS1	c21
2.40622880078196e-15	-2.6641368569162	0.023	0.496	8.07001015206253e-11	CLPP	c21
8.08203279679802e-21	-2.66391311123464	0.058	0.654	2.71055215939012e-16	CCND3	c21
0.109223856941936	-2.6636820325545	0	0.029	1	PHLPP2	c21
0.0779286956141097	-2.6635058876154	0	0.035	1	TYSND1	c21
0.137666738924445	-2.66335874634773	0	0.025	1	PRH1	c21
0.0670796481805252	-2.66302330678042	0	0.038	1	SCRIB	c21
0.0773980206140141	-2.66274638612217	0	0.035	1	EMP1	c21
4.30860720790294e-11	-2.66258766322792	0.023	0.394	1.44502068538649e-06	ZFP36L2	c21
0.0471930654912922	-2.66236441429421	0	0.044	1	PON2	c21
7.51342099896698e-07	-2.66202731760119	0.012	0.248	0.0251985113463354	TFDP1	c21
0.0964165507415674	-2.66166703866566	0	0.031	1	ZNF136	c21
0.0790014450231092	-2.6606433341661	0	0.035	1	C11orf80	c21
0.0763479234525013	-2.66024295168784	0	0.035	1	C10orf88	c21
0.0227238500042562	-2.65973091621363	0	0.057	1	PYCR1	c21
0.852158220890198	2.65857976602906	0.035	0.04	1	MFSD12	c21
0.0420929510459113	-2.65817931572168	0	0.046	1	AL355338.1	c21
0.99394813343004	2.65718386155203	0.023	0.024	1	FBXO46	c21
1.63655019648966e-17	-2.65716874897362	0.012	0.519	5.48866204898702e-13	TCEA1	c21
6.70071239194327e-16	-2.65681043064488	0.023	0.506	2.24728492200993e-11	VPS29	c21
0.136696111527178	-2.65604024311396	0	0.025	1	NOD1	c21
0.0332816133356483	-2.65539262531277	0	0.05	1	ABHD11	c21
0.0753126377596783	-2.65506771239308	0	0.036	1	GOLGA1	c21
6.53531652609735e-15	-2.65447322121721	0.023	0.486	2.19181445652253e-10	SRSF4	c21
9.73534302481296e-09	-2.65371063974422	0.012	0.307	0.000326503934366177	NUDT22	c21
0.0610005219595044	-2.65321711810017	0	0.039	1	PFKM	c21
0.0698733653459973	-2.65303308876024	0	0.037	1	SRP14-AS1	c21
0.100499198478514	-2.6529925677552	0	0.03	1	TLDC1	c21
0.0332816133101267	-2.65255732189043	0	0.05	1	SRR	c21
0.100499198458631	-2.65220689528149	0	0.03	1	STK3	c21
0.194526682747295	-2.65191631133787	0	0.019	1	MEOX1	c21
0.0601796071702231	-2.65173950200998	0	0.039	1	ERCC2	c21
0.0918735132026005	-2.65165226600311	0	0.032	1	RIC8B	c21
0.0937922907892927	-2.65149503086253	0	0.032	1	ATP8B3	c21
0.0950948806290817	-2.65082750431476	0	0.031	1	SLC35G1	c21
0.0573947559300692	-2.65033519296501	0	0.04	1	PFAS	c21
0.158749267094383	-2.64957846455705	0	0.023	1	BTBD9	c21
0.1092238568985	-2.64946124306454	0	0.029	1	MIATNB	c21
0.0887666953925911	-2.64924121687627	0	0.033	1	STK35	c21
0.116294931748631	-2.64913800859694	0	0.028	1	ZNF230	c21
2.27352877361752e-11	-2.64876316135241	0.012	0.38	7.62496080095842e-07	EIF1B	c21
0.0753126377596783	-2.64708675910097	0	0.036	1	ZNF275	c21
8.85233702440073e-16	-2.6456660042594	0.023	0.503	2.96889679124352e-11	SUMO3	c21
3.62794405856061e-16	-2.64539050551205	0.035	0.532	1.21673987836006e-11	SF1	c21
1.77931488237202e-09	-2.64529051466425	0.012	0.329	5.96746625249928e-05	MRPL9	c21
0.0491397811432468	-2.64489321705807	0	0.043	1	TRAIP	c21
0.315288963061402	-2.64377128097946	0	0.012	1	EDA	c21
6.59902994852075e-07	-2.64369187133019	0.012	0.25	0.0221318266413489	IQGAP2	c21
6.94969371726677e-08	-2.64315866223818	0.012	0.281	0.00233078827889693	CNPPD1	c21
0.1011972205369	-2.64300640743437	0	0.03	1	TBC1D13	c21
0.0881586781084942	-2.64285583791387	0	0.033	1	ZNF544	c21
0.0441214183271933	-2.64250987000317	0	0.045	1	SPATA2	c21
0.095094880572815	-2.64211065572083	0	0.031	1	MTX3	c21
0.26492960476108	-2.64188049412935	0	0.014	1	TRAV25	c21
0.0823130533650338	-2.64147729533423	0	0.034	1	GATAD1	c21
2.4317437306609e-22	-2.64016588479758	0.035	0.651	8.15558212389052e-18	CYTIP	c21
1.39173167824031e-11	-2.63990477267192	0.012	0.386	4.66758970248236e-07	ANKRD39	c21
0.13963055120545	-2.6392051337758	0	0.025	1	LAIR2	c21
0.0614152917551451	-2.63707926388334	0	0.039	1	MLLT1	c21
0.310240920857292	-2.63599929901152	0	0.012	1	NUAK2	c21
0.0828789260166707	-2.6353784138656	0	0.034	1	ZNF687	c21
0.0562420906996465	-2.63498305494074	0	0.041	1	AC020571.1	c21
0.0644012156307673	-2.63468853611841	0	0.038	1	KAT2A	c21
0.23261416201504	-2.63444195204458	0	0.016	1	EPHX2	c21
6.63850863897453e-17	-2.63422170606677	0.023	0.528	2.22642302733928e-12	ILF2	c21
0.125609531624775	-2.63295653321864	0	0.027	1	PTPRM	c21
0.0511685179503901	-2.63248106828851	0	0.042	1	RWDD2B	c21
0.241605635156164	-2.63170307574748	0	0.016	1	IFI27	c21
4.89046963507898e-28	-2.63152561371196	0.093	0.815	1.64016570621279e-23	H3F3B	c21
0.145707459139051	-2.63151398298919	0	0.024	1	IFIT1	c21
0.152074798532582	-2.63103256880995	0	0.023	1	ZNF500	c21
0.170605364628368	-2.63102037262715	0	0.021	1	SLAMF7	c21
0.197411106212892	-2.63051691916009	0	0.019	1	AC009133.1	c21
0.0906172968281581	-2.63030533468564	0	0.032	1	CCDC136	c21
0.317852352732028	-2.6303040032983	0	0.011	1	LINC01857	c21
0.028914324467721	-2.62931613166046	0	0.053	1	METTL1	c21
0.0589694787111023	-2.62861109089019	0	0.04	1	EPOR	c21
0.0784631605968679	-2.62845660316288	0	0.035	1	FEM1C	c21
0.1553725495008	-2.62831110739352	0	0.023	1	AC092683.1	c21
7.59364018429956e-11	-2.62828279340665	0.012	0.367	2.54675504501038e-06	NABP2	c21
0.0881586781431354	-2.62717230127501	0	0.033	1	MARS2	c21
0.0708311440398235	-2.62621192101792	0	0.037	1	ZNF410	c21
6.81124938386161e-08	-2.62580567301028	0.012	0.282	0.00228435681835951	TARS	c21
0.0912431326833379	-2.62538009589881	0	0.032	1	NAB1	c21
0.0393581431351966	-2.6249974835467	0	0.047	1	AC009948.1	c21
0.133828538063028	-2.62339658106946	0	0.025	1	TP53I11	c21
0.0806395156553248	-2.62230890767116	0	0.034	1	YAE1D1	c21
6.44840549813711e-27	-2.62145430755296	0.081	0.779	2.16266623596522e-22	NPM1	c21
0.0593700504203615	-2.61988242155656	0	0.04	1	ANKMY2	c21
0.109223856941936	-2.61906855122867	0	0.029	1	CTBP1-DT	c21
1.63849121928457e-10	-2.61887741918399	0.023	0.379	5.49517185123658e-06	SLC25A39	c21
9.27950745020006e-12	-2.61770795561272	0.023	0.412	3.1121612086481e-07	GALM	c21
1.27223945950397e-21	-2.61737854469004	0.035	0.639	4.26683669928441e-17	ATP5MF	c21
0.118759421369114	-2.61715277196018	0	0.028	1	ABCA2	c21
2.15582591825807e-11	-2.61674500865852	0.012	0.381	7.2302089646539e-07	SH3GLB1	c21
0.0790014450539995	-2.61570360093324	0	0.035	1	FICD	c21
0.0790014450231092	-2.61559484237433	0	0.035	1	PLAGL1	c21
0.0562420906996465	-2.61529136082422	0	0.041	1	TSEN2	c21
0.0511685179207782	-2.61497566383253	0	0.042	1	BRF2	c21
0.206361783359935	-2.61310585128342	0	0.018	1	USP53	c21
0.0727877419918101	-2.61123150405614	0	0.036	1	NAPA-AS1	c21
0.146748077556387	-2.6104443468597	0	0.024	1	RRAGB	c21
0.0918735132026005	-2.61037785762581	0	0.032	1	DCUN1D4	c21
0.111528508074079	-2.61028282489345	0	0.029	1	ZNF350	c21
5.75177566774637e-08	-2.60982490075938	0.012	0.284	0.00192903052344878	LST1	c21
0.0577843427627792	-2.60763952725403	0	0.04	1	TMEM254	c21
0.106229531562937	-2.60742921422422	0	0.029	1	MED22	c21
4.10616875639232e-07	-2.60669056026422	0.012	0.257	0.0137712687751886	MECP2	c21
0.0722933967622213	-2.60640369025198	0	0.036	1	AC073332.1	c21
0.0795435789313796	-2.60596987917425	0	0.035	1	KLHL21	c21
9.78040713184723e-14	-2.60589660924805	0.023	0.46	3.28015294387892e-09	COX14	c21
0.0811933795567095	-2.60467254606583	0	0.034	1	WDSUB1	c21
2.66547565640535e-08	-2.60380537518465	0.012	0.294	0.000893947225645225	RBMS1	c21
3.5611236680512e-18	-2.60327402977544	0.047	0.595	1.19432965579101e-13	CACYBP	c21
4.95490957013831e-08	-2.60244379010845	0.012	0.286	0.00166177757163299	MYCBP2	c21
0.109223856920218	-2.60211926239672	0	0.029	1	WDR47	c21
0.0581766453685684	-2.60081187990554	0	0.04	1	MRPL53	c21
0.000162171113931855	-2.60073435225057	0.012	0.165	1	RNF168	c21
0.0881586782297386	-2.6003502896528	0	0.033	1	KIF1B	c21
0.0346474873038943	-2.59955896360045	0	0.049	1	CDK2AP1	c21
1.48968467090526e-08	-2.59875301546684	0.012	0.302	0.000499610444928207	PLEKHJ1	c21
0.0998062680806197	-2.5987464605336	0	0.031	1	TRGC2	c21
0.0409766136525906	-2.59799753981446	0	0.046	1	CDC25A	c21
0.130106056539339	-2.59759932525781	0	0.026	1	CCDC7	c21
0.00033163871323616	-2.59700895597662	0.012	0.153	1	VPS13A	c21
3.74219334268928e-18	-2.59661704329516	0.023	0.554	1.25505680327113e-13	EIF3H	c21
0.0881586782124179	-2.5959345958664	0	0.033	1	RNF19B	c21
0.117931766145029	-2.59555067932204	0	0.028	1	AC021188.1	c21
2.09915271986168e-14	-2.59540395686901	0.023	0.476	7.04013839187209e-10	SF3B5	c21
0.0488097288200984	-2.59512109766943	0	0.043	1	LINC01006	c21
1.08452757493376e-15	-2.593609867844	0.035	0.522	3.63728858081286e-11	EBP	c21
3.58511342061208e-10	-2.59334031541983	0.012	0.348	1.20237533900488e-05	ORAI1	c21
0.128286937630431	-2.59303578615919	0	0.026	1	CPQ	c21
0.0773980206140141	-2.59296659440141	0	0.035	1	ZNF836	c21
2.48562421279227e-23	-2.59260034285047	0.058	0.7	8.33628648486272e-19	SSR4	c21
0.106229531520765	-2.59209824477164	0	0.029	1	AC007388.1	c21
0.121279980879816	-2.59186453804315	0	0.027	1	AC027097.1	c21
5.11630704311757e-12	-2.59145884991678	0.012	0.397	1.71590705612077e-07	CISD2	c21
0.00154250631662538	-2.59134614505706	0.012	0.126	1	C1orf162	c21
0.0368032419173485	-2.59128278946599	0	0.048	1	TCTEX1D2	c21
9.99580117807237e-19	-2.59113941161722	0.081	0.64	3.35239179910191e-14	HMGN2	c21
3.42039550168296e-13	-2.59012820253667	0.035	0.466	1.14713224335443e-08	CHCHD10	c21
5.23701293943817e-19	-2.58993360228012	0.047	0.609	1.75638939962877e-14	RNF167	c21
0.117110287175941	-2.58911480555996	0	0.028	1	TTC22	c21
4.28955687324923e-09	-2.58843136401841	0.012	0.318	0.000143863158415033	TRAT1	c21
0.307755471666043	-2.58756843067601	0	0.012	1	GRAMD1C	c21
0.03730043223185	-2.58593653105838	0	0.048	1	C5orf30	c21
0.159892780856592	-2.58532346612159	0	0.022	1	POLI	c21
0.293359111374593	-2.58516284553373	0	0.013	1	XCL2	c21
1.27385643149896e-07	-2.58467255240471	0.012	0.273	0.00427225969996122	CHD1	c21
0.0475119721333814	-2.58454756165767	0	0.044	1	MRM1	c21
4.32752957278429e-15	-2.58434721290158	0.012	0.469	1.4513668681204e-10	UBE2A	c21
0.222338437251883	-2.58331628309441	0	0.017	1	PAXIP1-AS2	c21
0.0447190339694193	-2.58313150124669	0	0.045	1	TMPO-AS1	c21
0.300448825015632	-2.5830932800468	0	0.012	1	SCIMP	c21
4.22289964631168e-15	-2.58301522367315	0.023	0.49	1.41627608338001e-10	FAM49B	c21
0.159892780889407	-2.58279146937557	0	0.022	1	RALGAPA2	c21
6.49461943670802e-13	-2.58278202491126	0.012	0.419	2.17816546668314e-08	PHF5A	c21
5.51148229519922e-07	-2.58238498266771	0.012	0.253	0.0184844093216391	CCNL1	c21
0.115485647639242	-2.58127131447892	0	0.028	1	HIST1H2BM	c21
0.0918735131664254	-2.58023674809002	0	0.032	1	SLC27A3	c21
0.940442523652715	2.58013386831171	0.012	0.013	1	ZBTB3	c21
1.61230090338863e-11	-2.57999902188071	0.012	0.384	5.40733476978477e-07	UQCRC2	c21
0.108466954294295	-2.57891068271824	0	0.029	1	ZNF45	c21
0.0718025329835492	-2.57871840922188	0	0.036	1	ARL5B	c21
0.282000127144938	-2.57862653771204	0	0.013	1	ATXN7.1	c21
0.109986384972629	-2.57836372353698	0	0.029	1	CXorf21	c21
0.159892780856592	-2.57832597660547	0	0.022	1	IMMP2L	c21
0.0622535641771618	-2.57774661853846	0	0.039	1	TONSL	c21
0.122992228453	-2.57741870886545	0	0.027	1	MARCH8	c21
0.102608708798857	-2.57700536427684	0	0.03	1	LIG4	c21
4.62240148686908e-10	-2.57685493075514	0.012	0.345	1.55026101066615e-05	DECR1	c21
3.50304408949302e-24	-2.57630003021545	0.093	0.753	1.17485092673417e-19	CD99	c21
0.0893791139457935	-2.57608775663366	0	0.032	1	GAA	c21
0.883319512799304	2.57591310545013	0.012	0.01	1	AL592295.4	c21
0.0378044201721093	-2.57523204863262	0	0.048	1	ALG14	c21
0.161045409124118	-2.57517128598085	0	0.022	1	CRY2	c21
0.359776690295609	-2.57484955669995	0	0.01	1	PPP1R14A	c21
0.320442535820421	-2.57429996217989	0	0.011	1	IFIT2	c21
0.153165412538796	-2.57426053735604	0	0.023	1	FAM135A	c21
0.0846010700263065	-2.57343872615928	0	0.033	1	ZNF79	c21
0.107715630109627	-2.57290112813252	0	0.029	1	ZNF746	c21
2.14735805344184e-09	-2.5724707826159	0.012	0.327	7.20180943963323e-05	ASF1A	c21
0.207898359991981	-2.57231136705548	0	0.018	1	NFYC-AS1	c21
1.75315637873126e-18	-2.57191836229644	0.023	0.56	5.87973586298889e-14	UBE2L3	c21
0.0937922908077778	-2.57122504339556	0	0.032	1	ZKSCAN5	c21
0.142633698212243	-2.57090952125769	0	0.024	1	ZNF736	c21
0.220677831384891	-2.57076482670117	0	0.017	1	AL158152.1	c21
5.73751034737699e-15	-2.56997325587427	0.035	0.506	1.9242462203033e-10	RPN2	c21
0.0970846383916991	-2.56902743905334	0	0.031	1	PLBD2	c21
8.07055105223891e-11	-2.5684708243645	0.012	0.366	2.70670141189989e-06	SRPRA	c21
5.33071432943838e-19	-2.56717789001839	0.023	0.57	1.78781497180704e-14	SRI	c21
0.0501436725254389	-2.56713522828474	0	0.043	1	PKIA	c21
0.0817512150425996	-2.56682070583423	0	0.034	1	KLHL8	c21
0.0652815374150397	-2.56555866444378	0	0.038	1	CARD8-AS1	c21
1.36159857583486e-13	-2.56402421268588	0.012	0.435	4.56652930363495e-09	NDUFB6	c21
0.997745135352561	2.56392942954847	0.047	0.049	1	TNRC18	c21
0.109223856941936	-2.5635707940793	0	0.029	1	AC008083.2	c21
2.07803388444342e-06	-2.56352828761572	0.012	0.233	0.0696931004164634	ALG5	c21
5.80374098562549e-08	-2.56269145993622	0.012	0.284	0.00194645865175908	CDKN2A	c21
2.15072205731567e-16	-2.5615875233818	0.035	0.539	7.21309163582528e-12	NOSIP	c21
0.0494721114714584	-2.56141184006649	0	0.043	1	BOLA2B	c21
9.13565283229017e-08	-2.56056745512876	0.012	0.278	0.00306391524689348	PHTF2	c21
0.0881586781950973	-2.5603653273786	0	0.033	1	SLC36A1	c21
0.0713151242012614	-2.55959521537915	0	0.036	1	KDM4A	c21
0.116294931748631	-2.55828787432069	0	0.028	1	B3GALT2	c21
0.0931480550303356	-2.55824509720675	0	0.032	1	DCAF17	c21
3.82555918451169e-06	-2.55767377435671	0.012	0.224	0.128301603930153	SNRNP35	c21
0.142633698183295	-2.55643262673632	0	0.024	1	TRIM23	c21
0.114682383222477	-2.55637460181906	0	0.028	1	ATP11C	c21
0.200344387255302	-2.55603139944629	0	0.019	1	ST8SIA1	c21
0.00145061868459648	-2.55561553239071	0.012	0.128	1	TNKS2	c21
0.0618329652488347	-2.55545470799374	0	0.039	1	C8orf82	c21
0.127387692813538	-2.55525212461049	0	0.026	1	POFUT2	c21
0.0887666953925911	-2.55516294754164	0	0.033	1	HIST1H2BB	c21
0.0727877420059947	-2.55471057853191	0	0.036	1	SWSAP1	c21
0.273301932137377	-2.55440338366284	0	0.014	1	AFAP1	c21
0.106969837883029	-2.55324791308143	0	0.029	1	PGBD2	c21
2.4761323100747e-07	-2.55294686473953	0.012	0.264	0.00830445254152852	RIC8A	c21
0.143650343113095	-2.55287807533365	0	0.024	1	AC025171.2	c21
0.0639656562927511	-2.55142789432407	0	0.038	1	GGACT	c21
0.105494665503758	-2.55073201160044	0	0.03	1	SGSM3	c21
0.117110287222732	-2.55022703123834	0	0.028	1	ZFP1	c21
0.0869557085937779	-2.55021678738909	0	0.033	1	ERMARD	c21
0.0459390947670406	-2.55016529201774	0	0.044	1	NXT2	c21
0.0703505663424845	-2.54955442175695	0	0.037	1	XXYLT1	c21
0.104041074355548	-2.54948112829069	0	0.03	1	FAM221A	c21
0.954045910049845	2.5492250002433	0.023	0.025	1	ERI2	c21
0.0657263464210057	-2.54921240962394	0	0.038	1	ZDHHC2	c21
0.0937922907708076	-2.54884180786448	0	0.032	1	ALS2	c21
2.66628211373301e-15	-2.54880646466468	0.023	0.495	8.94217695303778e-11	NSD3	c21
0.0800895923254188	-2.548504000855	0	0.034	1	FAM219A	c21
5.25240374075697e-07	-2.54795858957821	0.012	0.253	0.0176155116657507	NOLC1	c21
1.26319038615669e-12	-2.54654554161703	0.035	0.453	4.23648791709231e-08	ERGIC3	c21
0.127387692839146	-2.54625865351407	0	0.026	1	PPP1R3D	c21
0.0918735131845129	-2.54619736848894	0	0.032	1	HIST1H3J	c21
3.53530342095649e-15	-2.54614335145097	0.023	0.493	1.18567006132039e-10	RPL22L1	c21
0.111528508096286	-2.54590106642403	0	0.029	1	PPARA	c21
6.77110380767411e-10	-2.54480524452653	0.023	0.362	2.27089279501774e-05	PTPN6	c21
2.58299736411604e-11	-2.54466028097825	0.012	0.379	8.66285655977237e-07	TMEM230	c21
0.174351891248071	-2.54440043082267	0	0.021	1	HIST4H4	c21
4.87637221244715e-14	-2.54391438836003	0.023	0.467	1.63543771261052e-09	CORO1B	c21
0.0784631605048544	-2.54320935391932	0	0.035	1	ZNF48	c21
0.124730496929169	-2.542624259685	0	0.027	1	FAM169A	c21
1.96404121144177e-07	-2.54259498646302	0.012	0.267	0.00658700141493342	RNASEH1	c21
0.0522147799340738	-2.54067741841857	0	0.042	1	PRKACA	c21
0.0795435789313796	-2.54064916436938	0	0.035	1	FSD1L	c21
0.164558867117724	-2.5400840562474	0	0.022	1	AHDC1	c21
1.02739887826125e-26	-2.53860816295478	0.116	0.81	3.44569035791259e-22	EEF1D	c21
0.0811933795408174	-2.53793979845194	0	0.034	1	AC020915.3	c21
0.0957533112776253	-2.53750316431568	0	0.031	1	IL3RA	c21
0.03730043223185	-2.53698353797169	0	0.048	1	C3orf14	c21
6.47748879745071e-10	-2.53622258727157	0.012	0.341	2.17242019288902e-05	PTBP1	c21
0.104765194628215	-2.53573053462218	0	0.03	1	SSH3	c21
5.32080885512816e-05	-2.53528949010367	0.012	0.183	1	TRNT1	c21
0.245317027111645	-2.53525903067282	0	0.015	1	NEFL	c21
1.45879254389248e-10	-2.53510097793685	0.012	0.359	4.89249843370662e-06	RAB11B	c21
0.0950948806103261	-2.53485299120952	0	0.031	1	GLCCI1	c21
0.0790014450539995	-2.5346636463641	0	0.035	1	COPG2	c21
0.0462493701811358	-2.53320547486357	0	0.044	1	EMILIN2	c21
3.99295120076854e-13	-2.53284883740598	0.023	0.445	1.33915597371375e-08	SDHC	c21
0.0918735132206881	-2.53235057619583	0	0.032	1	GID4	c21
2.6194462876542e-24	-2.53218978466129	0.116	0.771	8.78509895953467e-20	OAZ1	c21
2.25092661659844e-14	-2.53137403861586	0.023	0.475	7.54915768674785e-10	SEC11C	c21
4.52571677060961e-05	-2.53107791191631	0.012	0.186	1	SNHG12	c21
0.150992713043703	-2.53053716536624	0	0.023	1	PAN3	c21
0.131026052903559	-2.53039313686368	0	0.026	1	PRKCE	c21
0.115485647662291	-2.5298759573382	0	0.028	1	AC004812.2	c21
0.168157593834847	-2.52967233402009	0	0.022	1	PCNX2	c21
0.125609531549105	-2.52953037651357	0	0.027	1	ZNF189	c21
0.111528508096286	-2.52951510937272	0	0.029	1	AC137767.1	c21
0.122132880298287	-2.52887299041518	0	0.027	1	DAG1	c21
0.0869557086108509	-2.52883201114234	0	0.033	1	UNC119B	c21
5.98929160565638e-18	-2.52882812546374	0.058	0.603	2.00868861870504e-13	HSPA5	c21
0.135732913204935	-2.52875627033941	0	0.025	1	MKL2	c21
0.147796835870893	-2.52860542807939	0	0.024	1	HS3ST1	c21
1.0856141321308e-16	-2.52854280460477	0.023	0.525	3.64093267634026e-12	SIT1	c21
1.66823434403916e-06	-2.52807283620238	0.012	0.237	0.0559492434303852	NEMF	c21
0.144674905711343	-2.52581306854421	0	0.024	1	ZNF646	c21
0.055486863402287	-2.52554622203546	0	0.041	1	PYCR3	c21
0.155372549469006	-2.52552727039713	0	0.023	1	PHKA2	c21
1.30431721155845e-13	-2.52470526790706	0.023	0.456	4.37441906412474e-09	VMP1	c21
0.113885087303276	-2.52445341696254	0	0.028	1	CCL28	c21
0.107715630088228	-2.52431133837172	0	0.029	1	SPIN2B	c21
0.0675371201184816	-2.52388797665411	0	0.037	1	CDYL	c21
5.78400845543281e-07	-2.52366427824457	0.012	0.252	0.0193984075578305	COPA	c21
0.0573947559522729	-2.52175078900249	0	0.04	1	MAP1LC3B2	c21
0.107715630131026	-2.52132815831535	0	0.029	1	POMK	c21
0.117931766097886	-2.5213070417633	0	0.028	1	PABPC1L	c21
0.0899959692326079	-2.5204975380526	0	0.032	1	BMP2K	c21
0.0566236496418605	-2.52000899437281	0	0.041	1	TMEM267	c21
0.0811933795884938	-2.51981243444791	0	0.034	1	MSH5	c21
0.137666738896593	-2.51900574275624	0	0.025	1	TRIM46	c21
0.150992713043703	-2.51755221948674	0	0.023	1	TMOD2	c21
3.0198116666261e-07	-2.51746727835785	0.023	0.281	0.0101278443675306	KDM5B	c21
0.0423768281329086	-2.51669642054777	0	0.046	1	HSPA2	c21
0.126495243945349	-2.51573880801762	0	0.026	1	PARP3	c21
0.0593700503513957	-2.51400340355405	0	0.04	1	AC244090.1	c21
0.0703505662877138	-2.51367419861711	0	0.037	1	TSHZ1	c21
0.0834488648795841	-2.51347120057748	0	0.034	1	ZNF749	c21
1.31490606664918e-09	-2.51230226788655	0.012	0.333	4.40993196632802e-05	RPL7L1	c21
3.12947334347063e-20	-2.51225636233009	0.058	0.647	1.04956276993318e-15	EIF5A	c21
0.0554868634130106	-2.51161001867253	0	0.041	1	MELTF	c21
3.86153020664363e-05	-2.51128989376264	0.012	0.189	1	MSC	c21
1.67004930210284e-06	-2.51115289387716	0.012	0.237	0.0560101134939251	MRPL42	c21
0.0950948806103261	-2.50934730935208	0	0.031	1	SERAC1	c21
0.105494665524689	-2.50910370514007	0	0.03	1	STX1A	c21
0.109986385016388	-2.50849080687625	0	0.029	1	ICK	c21
0.128286937707841	-2.50819666603319	0	0.026	1	ZNF680	c21
9.42030740389957e-08	-2.50756531535124	0.012	0.277	0.00315938269711984	ITSN2	c21
0.174351891248071	-2.50755461438498	0	0.021	1	STAP1	c21
0.138644862779466	-2.50731068055756	0	0.025	1	ZNF383	c21
5.1969650541872e-25	-2.50711156159578	0.07	0.734	1.7429581398733e-20	PSMB8	c21
0.0899959691972089	-2.50651799353329	0	0.032	1	ASPHD2	c21
4.41652546903969e-18	-2.50597415955331	0.035	0.571	1.48121431180653e-13	TBCA	c21
0.0758284434918128	-2.50594476037885	0	0.035	1	BOD1	c21
0.154264635652998	-2.50508635551061	0	0.023	1	SGPP1	c21
0.97210268378901	2.50430045394705	0.012	0.011	1	P2RX7	c21
0.0554868633701161	-2.50206341513478	0	0.041	1	SIRT5	c21
0.072293396776306	-2.50176184969892	0	0.036	1	FAM24B	c21
1.12438283589573e-06	-2.5007148406647	0.012	0.242	0.0377095515502709	DOCK2	c21
0.0758284434622123	-2.49923454154453	0	0.035	1	HEXIM2	c21
0.350832122535167	-2.49901158228619	0	0.01	1	VPREB3	c21
4.58548750794194e-13	-2.4984056564565	0.023	0.443	1.53788080041357e-08	SLA	c21
1.04746137652737e-18	-2.49663438619148	0.058	0.621	3.51297596459749e-14	TUBA4A	c21
1.68839819320993e-13	-2.49612435823718	0.012	0.433	5.66254986038745e-09	RER1	c21
3.85476733204345e-23	-2.49548975299733	0.163	0.771	1.29281186782073e-18	TUBB	c21
0.881216747706522	2.49493350210379	0.023	0.021	1	AC245297.3	c21
3.22134815118999e-15	-2.49459621734669	0.023	0.494	1.0803757429461e-10	UQCR11	c21
0.955334408217415	2.49384510723792	0.012	0.012	1	ANGEL1	c21
9.94611115070703e-09	-2.49358059247724	0.012	0.307	0.000333572675772412	GINS2	c21
0.14162489877018	-2.49357016723261	0	0.025	1	CCL20	c21
0.137666738924445	-2.49332309460583	0	0.025	1	AL139246.5	c21
0.846250265199695	2.49331952796996	0.047	0.054	1	RECQL4	c21
4.24010041159872e-06	-2.49294218377928	0.012	0.223	0.142204487604198	RBBP6	c21
4.77781260624949e-08	-2.49269515609959	0.012	0.287	0.00160238279188395	ADI1	c21
0.352226451599331	2.49266383683296	0.012	0.005	1	CYTH3	c21
0.113885087348691	-2.49250420388256	0	0.028	1	SLC39A11	c21
0.0806395156553248	-2.49167800796051	0	0.034	1	RILP	c21
0.125609531599552	-2.49133624919289	0	0.027	1	NRIP1	c21
0.188900331688912	-2.4906164691259	0	0.02	1	CX3CR1	c21
0.164558867083846	-2.489557121789	0	0.022	1	CKAP4	c21
0.13288723038605	-2.4890419033744	0	0.026	1	SLC10A7	c21
3.70558289036938e-08	-2.48834227047889	0.012	0.29	0.00124277838977208	NDUFA5	c21
0.131953089883442	-2.48826982658614	0	0.026	1	OSGEPL1	c21
0.0875550274831262	-2.48757706491669	0	0.033	1	ZSWIM9	c21
4.40519838898905e-22	-2.48656426484	0.07	0.695	1.47741543569915e-17	LSP1	c21
0.082313053316671	-2.48579835328286	0	0.034	1	HOMEZ	c21
0.0998062681398321	-2.48568770364597	0	0.031	1	NDST2	c21
0.057007864873724	-2.48513511421932	0	0.04	1	ARL2	c21
0.0977576137378775	-2.48509605324644	0	0.031	1	AP006621.3	c21
7.7604524940818e-23	-2.48389691725204	0.058	0.694	2.60270055746515e-18	NDUFB9	c21
0.0543734609992535	-2.48379137131051	0	0.041	1	SNX24	c21
0.0991183879714968	-2.48217232523479	0	0.031	1	AL050341.2	c21
0.251012212647478	-2.48200720089673	0	0.015	1	VNN2	c21
0.0918735131664254	-2.48162667222659	0	0.032	1	E2F7	c21
0.0601796071818785	-2.48154439513762	0	0.039	1	PXN-AS1	c21
0.106229531562937	-2.48115821276803	0	0.029	1	CHST7	c21
2.65606512807764e-14	-2.48093136654983	0.023	0.473	8.90791122654678e-10	ELOVL5	c21
0.0931480550486872	-2.47996149007104	0	0.032	1	AGAP3	c21
0.0851834014722267	-2.47988061623896	0	0.033	1	PRR7	c21
0.0857699294275516	-2.47972611852033	0	0.033	1	MCAM	c21
8.21370474023053e-09	-2.47872358600439	0.023	0.33	0.000275471229577852	ARHGAP9	c21
0.133828538090038	-2.47817215267348	0	0.025	1	CD109	c21
0.0984355168138272	-2.4781202516593	0	0.031	1	IFT80	c21
1.46984379251331e-05	-2.47805576632072	0.012	0.204	0.492956211133115	ADPGK	c21
0.0713151242290358	-2.47727183025425	0	0.036	1	CCDC77	c21
0.108466954294295	-2.47648726918147	0	0.029	1	ZNF180	c21
9.42788191543625e-11	-2.47595512272533	0.012	0.364	3.16192303679901e-06	ATP6V0D1	c21
7.80163040310842e-13	-2.47591880947892	0.023	0.438	2.6165108045945e-08	DEF6	c21
0.0689289909133134	-2.47487035273288	0	0.037	1	CXorf56	c21
0.220677831384891	-2.47404394714443	0	0.017	1	HDAC5	c21
2.16642039172564e-10	-2.4725580952744	0.012	0.354	7.26574070976945e-06	TMEM123	c21
0.0635331341317033	-2.47175323078297	0	0.039	1	TRMT5	c21
0.0984355168138272	-2.47132910214258	0	0.031	1	ADAM9	c21
0.0763479234972183	-2.47105450620002	0	0.035	1	PEX7	c21
0.0779286956141097	-2.47092641668934	0	0.035	1	YBX3	c21
1.22861335415517e-07	-2.46986491818372	0.012	0.274	0.00412052346716561	RGS14	c21
0.225703544491136	-2.46957143832844	0	0.017	1	PLEKHB1	c21
0.0562420906779	-2.46955938990767	0	0.041	1	CHCHD6	c21
0.113093709474153	-2.46952733835088	0	0.028	1	AARS2	c21
9.90821696682927e-23	-2.46928386616427	0.116	0.748	3.3230178063352e-18	LDHA	c21
8.20300068368952e-12	-2.4692591744228	0.012	0.392	2.75112236929579e-07	TMEM14B	c21
0.115485647593145	-2.46919193774387	0	0.028	1	FIG4	c21
1.20515269586036e-06	-2.46824438688619	0.012	0.241	0.0404184111137649	ASXL1	c21
3.03471301896528e-14	-2.46821579943245	0.023	0.471	1.01778205230058e-09	NDUFV1	c21
0.0693995153483775	-2.46816580807148	0	0.037	1	IFT74	c21
0.062253564165093	-2.46776234701867	0	0.039	1	EME1	c21
0.193102470554715	-2.46723285743533	0	0.019	1	LMO7	c21
0.0846010700263065	-2.4665922291594	0	0.033	1	FAM220A	c21
3.22849054529368e-14	-2.4663492508439	0.023	0.471	1.0827711590806e-09	GNAI2	c21
0.972687711070582	2.46623923418452	0.012	0.011	1	AC008764.8	c21
0.0851834014555177	-2.46575857053461	0	0.033	1	APPL2	c21
0.0127855844514753	-2.46537189609761	0.023	0.107	1	CCL3	c21
0.0644012156432654	-2.46525224179946	0	0.038	1	TSNAX	c21
0.0703505663972552	-2.46502579331711	0	0.037	1	HSD3B7	c21
0.742945484021644	2.46462579367767	0.012	0.008	1	TNFRSF10D	c21
0.0857699293770636	-2.46422992873571	0	0.033	1	TMED7	c21
0.212587726442179	-2.46420217351851	0	0.018	1	CXXC5	c21
0.178190678601471	-2.46417804508003	0	0.021	1	TYW1B	c21
0.0998062681595696	-2.46292926132589	0	0.031	1	SEPSECS	c21
0.117931766121458	-2.462387000908	0	0.028	1	ZSCAN25	c21
0.17184412504981	-2.46232764298749	0	0.021	1	RHOBTB2	c21
7.4262441290638e-06	-2.46208175293973	0.012	0.214	0.249061375600542	AC016831.7	c21
0.157614780959051	-2.46170792641449	0	0.023	1	ZNF420	c21
0.152074798501531	-2.46062045048628	0	0.023	1	ARL4D	c21
0.0504829368159001	-2.46055925518217	0	0.043	1	FOSL1	c21
0.142633698183295	-2.46045943558216	0	0.024	1	RAB33B	c21
1.47446579362816e-10	-2.45864243810884	0.012	0.359	4.94506337867013e-06	CLNS1A	c21
0.108466954294295	-2.45844284530997	0	0.029	1	SETD6	c21
2.09826848482778e-09	-2.45736581335799	0.012	0.327	7.03717284441542e-05	KIF22	c21
2.49279297889092e-08	-2.45469313350629	0.012	0.295	0.000836032909260436	GCLM	c21
0.137666738924445	-2.45457920587445	0	0.025	1	AC023157.3	c21
0.149919076376209	-2.45424853435941	0	0.024	1	VMAC	c21
0.689007905270078	2.45328719124769	0.012	0.018	1	CBY1	c21
0.060588634237397	-2.45314719034293	0	0.039	1	LOXL1-AS1	c21
7.81438298320093e-10	-2.4521336840554	0.012	0.339	2.62078776490593e-05	NUSAP1	c21
0.100499198478514	-2.45207068180234	0	0.03	1	ZCCHC4	c21
0.0689289909133134	-2.45193642713904	0	0.037	1	CEP41	c21
0.171844125156461	-2.4512752682201	0	0.021	1	AC007216.4	c21
0.336570766944669	-2.4510810615477	0	0.011	1	TNFRSF13B	c21
0.102608708819182	-2.45020282429604	0	0.03	1	AMN1	c21
0.128286937630431	-2.44947135703995	0	0.026	1	AL137003.1	c21
0.168157593800145	-2.44946613827702	0	0.022	1	S1PR5	c21
0.122132880298287	-2.44894738402682	0	0.027	1	TSPAN13	c21
0.149919076376209	-2.44840717041034	0	0.024	1	ITFG2-AS1	c21
0.0834488648468774	-2.44715400397717	0	0.034	1	TNFRSF14-AS1	c21
8.29172863681141e-10	-2.44710907913041	0.023	0.359	2.78087995021381e-05	LTA	c21
0.174351891284202	-2.4467637911251	0	0.021	1	L3HYPDH	c21
1.7933223120763e-19	-2.4464090677708	0.035	0.601	6.0144443702415e-15	SELENOH	c21
6.91313522394339e-13	-2.44640203118775	0.023	0.44	2.31852729140614e-08	DOCK8	c21
0.17184412508536	-2.44580117434491	0	0.021	1	ZNF606	c21
5.45417347384276e-17	-2.44528027114406	0.023	0.531	1.82922069965738e-12	PRDX6	c21
1.49918623903178e-18	-2.44447955347566	0.035	0.582	5.02797080846477e-14	CCT3	c21
1.15846066726084e-05	-2.44430366202615	0.012	0.208	0.388524538585939	PMM1	c21
9.14997425690872e-06	-2.44388347317205	0.012	0.211	0.306871836628204	NUP210	c21
0.134777077349861	-2.44357562237677	0	0.025	1	EARS2	c21
0.145707459109421	-2.44341089324126	0	0.024	1	TUBG2	c21
0.0763479234525013	-2.44321427970651	0	0.035	1	RBBP9	c21
6.65970906895749e-15	-2.44319358635367	0.035	0.507	2.23353322754696e-10	CCT2	c21
5.17681478441929e-11	-2.44311607541252	0.012	0.371	1.73620014239854e-06	RRM1	c21
0.0998062681003571	-2.44246075075729	0	0.031	1	SNX16	c21
0.0727877420201792	-2.44186888700178	0	0.036	1	INAFM1	c21
2.08329482978719e-20	-2.4400074589646	0.047	0.639	6.98695420014027e-16	ATP5PB	c21
0.753697968535401	2.43956952516922	0.012	0.009	1	ADCY9	c21
0.993301099594272	2.43956313679991	0.023	0.024	1	TAF4	c21
0.146748077556387	-2.43920791384906	0	0.024	1	KIAA0355	c21
0.118759421369114	-2.43849579771969	0	0.028	1	SLC43A1	c21
0.0851834014722267	-2.43844999313042	0	0.033	1	MTHFSD	c21
1.68189920070712e-13	-2.43775357584943	0.023	0.454	5.64075353933154e-09	TXN2	c21
5.50401369785986e-07	-2.43759200334935	0.012	0.253	0.0184593611398824	NRROS	c21
0.673464442469669	2.43751095231133	0.012	0.018	1	SETMAR	c21
0.0784631605968679	-2.43710977185602	0	0.035	1	SYS1	c21
2.70417065645211e-06	-2.43611073953001	0.012	0.23	0.0906924754760907	ELOF1	c21
1.54517881228336e-09	-2.43586154578063	0.012	0.331	5.18222070063594e-05	ELF1	c21
0.279794055044241	-2.43543405650091	0	0.013	1	IGFBP3	c21
0.0881586781777766	-2.43542936494046	0	0.033	1	SAMD10	c21
0.0790014450539995	-2.43493772530959	0	0.035	1	TDRKH	c21
0.082878926000434	-2.43483302988804	0	0.034	1	CCDC102A	c21
1.00998606039492e-18	-2.43436522962158	0.047	0.604	3.38729124935247e-14	NDUFS8	c21
0.727175862842555	2.43394905244752	0.023	0.03	1	USP13	c21
0.161045409091041	-2.43351453912497	0	0.022	1	GREM2	c21
0.0491397811621894	-2.43316727245078	0	0.043	1	NDUFC2	c21
0.114682383222477	-2.43312082758638	0	0.028	1	DERL3	c21
0.0409766136525906	-2.43309482717748	0	0.046	1	BCAT1	c21
0.103322260286944	-2.43282219967464	0	0.03	1	FITM2	c21
2.05529599538019e-10	-2.43250599925198	0.012	0.355	6.89305170930609e-06	CDC26	c21
1.10717916421248e-08	-2.43245442260391	0.023	0.327	0.000371325748093582	TOP2A	c21
0.19741110625446	-2.43237147361704	0	0.019	1	TESK2	c21
0.164558867016091	-2.43134516637632	0	0.022	1	SGSM2	c21
5.90993049298017e-14	-2.43127140961315	0.047	0.503	1.98207248873569e-09	CD70	c21
0.128286937682038	-2.43094997129982	0	0.026	1	EIF3C	c21
2.78247966413356e-17	-2.43065278390706	0.035	0.557	9.33188029757112e-13	UBE2I	c21
0.0532829324257875	-2.43050252556695	0	0.042	1	AC006064.4	c21
0.0811933795726017	-2.42932098603513	0	0.034	1	DNAL4	c21
0.543507208735558	2.42912487345861	0.012	0.021	1	GTF2H2	c21
0.109223856920218	-2.42853673013025	0	0.029	1	DCBLD1	c21
1.35420631946683e-26	-2.42833548326352	0.174	0.819	4.54173715422784e-22	ARPC2	c21
0.339360980532741	-2.42828111714649	0	0.011	1	AL158850.1	c21
2.16414918600433e-13	-2.42822397828581	0.012	0.43	7.25812354002132e-09	RTF2	c21
1.30751234337199e-19	-2.42807480702292	0.047	0.623	4.38513489720098e-15	ATP5PF	c21
1.79813769863378e-16	-2.42689553186509	0.012	0.498	6.03059421367799e-12	LEPROTL1	c21
0.0784631605661969	-2.42680099353046	0	0.035	1	SNHG21	c21
4.14689282026604e-14	-2.42627362581544	0.023	0.469	1.39078491406082e-09	PHF19	c21
0.179491261032784	-2.4259459840822	0	0.021	1	CROCC	c21
0.000143189117749268	-2.42563772942103	0.012	0.167	1	RASA2	c21
0.00245100645086631	-2.42552873427202	0.012	0.118	1	S100P	c21
0.0823130533650338	-2.42538842127561	0	0.034	1	RSPH3	c21
0.12043347454048	-2.42509571820053	0	0.027	1	PDCD4-AS1	c21
6.68043493039633e-08	-2.42504622829365	0.012	0.282	0.00224048426695632	PAICS	c21
0.0610005219476855	-2.42470784438903	0	0.039	1	SPATA24	c21
0.0937922907892927	-2.42398583674529	0	0.032	1	DGAT1	c21
0.150992712982085	-2.42302753253451	0	0.023	1	ST3GAL3	c21
0.121279980879816	-2.42293342626667	0	0.027	1	HIST1H2AK	c21
0.0887666953228076	-2.42286973828591	0	0.033	1	ZNF789	c21
8.77105973448766e-05	-2.42101726297781	0.012	0.176	1	HOXB2	c21
0.000139053265316318	-2.42079881836691	0.012	0.168	1	SECISBP2	c21
7.71999559353117e-10	-2.4205553344962	0.012	0.339	2.58913212215849e-05	SPAG7	c21
7.14492960448778e-07	-2.42039314295379	0.012	0.249	0.0239626649075311	C19orf25	c21
0.162207239954122	-2.41941915408804	0	0.022	1	STXBP4	c21
0.148853809867703	-2.41933021350988	0	0.024	1	ZNF569	c21
0.142633698241191	-2.41915027279174	0	0.024	1	SIDT2	c21
0.0944412199593112	-2.41883866845003	0	0.032	1	TAF1A	c21
1.18987589720963e-08	-2.41882158273899	0.012	0.305	0.000399060578406165	TRNAU1AP	c21
1.2437164356561e-23	-2.41849316330351	0.058	0.709	4.17117618190342e-19	CAPZB	c21
5.38911532737939e-18	-2.41832704560215	0.035	0.572	1.8074014984965e-13	PYCARD	c21
3.2886033216198e-11	-2.41707494832775	0.023	0.398	1.10293178200485e-06	THOC3	c21
0.113885087371398	-2.41706541333375	0	0.028	1	ZNF700	c21
8.518962221446e-25	-2.4164788863172	0.128	0.795	2.85708954982856e-20	HSP90AB1	c21
0.156489236729106	-2.41623987945384	0	0.023	1	AC005261.1	c21
0.0784631605968679	-2.41476536984871	0	0.035	1	C7orf43	c21
2.75570764314003e-13	-2.41460752561203	0.035	0.471	9.24209229356302e-09	PIN1	c21
0.183457471608322	-2.41445596861085	0	0.02	1	PLCXD2	c21
0.0899959691972089	-2.41407647487715	0	0.032	1	CEP72	c21
6.23191576434038e-15	-2.41405671173901	0.047	0.524	2.09005990904448e-10	STAT1	c21
2.92691141715707e-09	-2.41399216625322	0.012	0.323	9.81627551086139e-05	GYG1	c21
4.33246272478051e-10	-2.41343684692708	0.047	0.404	1.45302134863689e-05	HIST1H1E	c21
4.84152249147862e-07	-2.4125228866533	0.012	0.255	0.016237498131921	GZMM	c21
9.70295282225215e-15	-2.41227052581132	0.035	0.504	3.25417631752693e-10	MFSD10	c21
0.108466954294295	-2.41223040217299	0	0.029	1	AKAP2	c21
0.828110634422399	2.41216087767088	0.012	0.015	1	GPAM	c21
8.51141938174725e-12	-2.40871721184352	0.012	0.391	2.85455983225039e-07	SNRNP25	c21
3.37175099126577e-06	-2.4081575480082	0.012	0.226	0.113081784745071	ZNFX1	c21
0.138644862723331	-2.40766073048195	0	0.025	1	ZNF671	c21
0.206361783316205	-2.40683124744838	0	0.018	1	SLC2A6	c21
0.131026052824362	-2.4063513464474	0	0.026	1	TRGV3	c21
1.83811865923984e-20	-2.40617979488474	0.058	0.657	6.16468235935856e-16	TRAF3IP3	c21
0.000282729477259499	-2.40546009996941	0.012	0.156	1	GIGYF2	c21
0.146748077586249	-2.40528875548477	0	0.024	1	ZBTB33	c21
0.0800895923254188	-2.40497051057069	0	0.034	1	TAF13	c21
0.086360687139657	-2.40485476467749	0	0.033	1	MSANTD3	c21
0.075312637774374	-2.40431085901572	0	0.036	1	CCNE1	c21
0.122992228428341	-2.40319921902178	0	0.027	1	AC012360.3	c21
0.0846010699931276	-2.40256680104319	0	0.033	1	SNTA1	c21
0.164558867117724	-2.40237059015536	0	0.022	1	LINC00887	c21
0.955148109207921	2.40111939757529	0.012	0.012	1	CTIF	c21
1.55096362789728e-11	-2.40026209427086	0.023	0.406	5.20162181524191e-07	KTN1	c21
0.130106056539339	-2.39994994433949	0	0.026	1	ARHGAP26	c21
0.206361783316205	-2.39822353005628	0	0.018	1	GAB2	c21
0.0784631605661969	-2.39784804080604	0	0.035	1	GRK4	c21
0.0931480549936326	-2.39681159473572	0	0.032	1	LANCL2	c21
0.15761478105595	-2.39643968492836	0	0.023	1	CCDC159	c21
0.345033431243039	-2.39630242867932	0	0.01	1	IGHG3	c21
0.137666738924445	-2.39556334233198	0	0.025	1	RNF103	c21
0.444592417896318	2.39537609660865	0.012	0.025	1	APTR	c21
0.123858081709514	-2.39531023582097	0	0.027	1	ZNF354A	c21
0.101900376561198	-2.39523932517169	0	0.03	1	DHX40	c21
3.05157094953422e-14	-2.39491774011202	0.023	0.471	1.02343586505479e-09	FAM96A	c21
0.0970846384108686	-2.39486791031696	0	0.031	1	DPY19L1	c21
0.105494665524689	-2.39479840436762	0	0.03	1	ATXN7L2	c21
0.000150022824259093	-2.39470993736838	0.012	0.166	1	SACM1L	c21
2.22060427712078e-14	-2.39468408023395	0.035	0.495	7.44746262460766e-10	TPR	c21
3.59938777392304e-16	-2.3945561614741	0.047	0.552	1.20716267161831e-11	JAK1	c21
2.79338364967103e-09	-2.3940374059129	0.012	0.323	9.36845008426671e-05	RPS6KB2	c21
0.0811933795567095	-2.39302430897984	0	0.034	1	ELAC1	c21
0.215781823208715	-2.39289588072097	0	0.018	1	NR3C2	c21
0.122992228428341	-2.39284107954617	0	0.027	1	AC026471.1	c21
0.201829678422703	-2.39202537420565	0	0.019	1	LINC00891	c21
2.60428898511311e-11	-2.39156124272163	0.023	0.4	8.73426439827236e-07	LINC01943	c21
8.8509245280984e-19	-2.39153340733097	0.023	0.566	2.96842306823364e-14	OPTN	c21
7.0230073970018e-12	-2.39081923587373	0.012	0.393	2.35537622080646e-07	PDCD2	c21
1.49132929943886e-10	-2.39046084359632	0.012	0.359	5.00162020445806e-06	SIGIRR	c21
0.208782653363224	2.39017069173062	0.012	0.004	1	AC068491.3	c21
0.239774936518949	-2.39015504134432	0	0.016	1	CD24	c21
7.6477371461222e-14	-2.38922069343156	0.023	0.462	2.56489808406646e-09	ARL4C	c21
0.00455309910434114	-2.38896392877805	0.012	0.108	1	IL13	c21
0.0875550274659299	-2.38838447579947	0	0.033	1	ERCC6L	c21
0.104765194690548	-2.38834395877571	0	0.03	1	ZMYM3	c21
1.73132498676754e-09	-2.38746914684076	0.012	0.329	5.80651774062097e-05	TXNDC12	c21
0.193102470554715	-2.38739312535968	0	0.019	1	RNF144B	c21
0.864850873735202	2.38693775210418	0.012	0.01	1	ZNF432	c21
0.13963055114888	-2.38690662873603	0	0.025	1	XYLT1	c21
0.0795435789469352	-2.38592147767775	0	0.035	1	TRAK1	c21
0.25686630198357	-2.38567645373302	0	0.015	1	RAB31	c21
4.31696480449995e-26	-2.38558768127185	0.047	0.733	1.44782365613319e-21	ACTR3	c21
0.203327583010765	-2.38537805279287	0	0.018	1	ZNF66	c21
3.09430024442772e-11	-2.38529064853741	0.012	0.377	1.03776641597617e-06	DCTPP1	c21
0.113885087303276	-2.38381211121658	0	0.028	1	SEC61A2	c21
0.145707459198311	-2.38312859569548	0	0.024	1	CPLANE1	c21
0.0906172967211912	-2.3819611382851	0	0.032	1	KPTN	c21
0.0779286956293365	-2.38088002813299	0	0.035	1	FBXO48	c21
1.41676966533627e-21	-2.37997623017468	0.047	0.659	4.75156210360477e-17	UBE2D3	c21
3.32547949665739e-12	-2.37989439186885	0.023	0.422	1.11529931358895e-07	LBR	c21
0.0784631605508612	-2.37976808985855	0	0.035	1	PPP2CB	c21
0.137666738840889	-2.37973583648197	0	0.025	1	ACO1	c21
0.102608708819182	-2.37972120242137	0	0.03	1	TOP1MT	c21
0.174351891248071	-2.37968867885127	0	0.021	1	MFSD4B	c21
0.104765194628215	-2.37882385943093	0	0.03	1	ABTB2	c21
7.86790653942638e-14	-2.37840273995336	0.023	0.462	2.63873849519282e-09	SAMHD1	c21
0.154264635684542	-2.37830943735817	0	0.023	1	RAPGEF2	c21
2.12836805410123e-05	-2.37830330763715	0.012	0.198	0.713812077984472	ATM	c21
0.156489236761151	-2.37752214961856	0	0.023	1	TMEM25	c21
6.43897069397701e-08	-2.37724033388293	0.012	0.283	0.00215950199134601	AMZ2	c21
5.91614279287201e-06	-2.37720742850972	0.012	0.218	0.198415596987342	DNM2	c21
8.03024975117864e-19	-2.37687494877442	0.023	0.567	2.69318516155029e-14	SEM1	c21
0.149919076315071	-2.37596953245867	0	0.024	1	AC132192.2	c21
0.0970846384108686	-2.37445459179723	0	0.031	1	HLA-DQB2	c21
0.113885087371398	-2.37393860552463	0	0.028	1	ACBD4	c21
0.10622953149968	-2.37222694836407	0	0.029	1	C9orf3	c21
0.123858081659824	-2.37212858908802	0	0.027	1	CCDC112	c21
0.0991183879714968	-2.37125403680577	0	0.031	1	PTPN12	c21
0.325704985698696	-2.37107936528454	0	0.011	1	FAM129C	c21
0.0984355167943761	-2.36932286924826	0	0.031	1	SLC25A53	c21
5.61809716018536e-14	-2.3692093343679	0.023	0.466	1.88419742558297e-09	ETFA	c21
0.0773980206140141	-2.36874978835764	0	0.035	1	STON1	c21
0.0693995153618786	-2.36835877632305	0	0.037	1	SPAG16	c21
9.57243652500629e-14	-2.36723467875649	0.023	0.459	3.21040376175661e-09	MIEN1	c21
0.0536439313969965	-2.36663369439639	0	0.042	1	SAP30	c21
0.0119567166094207	-2.36644075249016	0.012	0.09	1	IFNG	c21
0.12213288032276	-2.36633390048711	0	0.027	1	CLIC4	c21
3.5170008177973e-25	-2.36564933319905	0.128	0.817	1.17953173427286e-20	EEF2	c21
0.230863515997362	-2.36538900458774	0	0.016	1	TPCN1	c21
1.78949431560965e-08	-2.36530199182455	0.012	0.3	0.000600160603569165	MRPL47	c21
2.34471961127514e-07	-2.36500245962691	0.012	0.265	0.00786372063229458	ETF1	c21
0.114682383245355	-2.36447094082892	0	0.028	1	ZFAND4	c21
0.161045409157195	-2.36363228584096	0	0.022	1	IL17RE	c21
0.104041074314298	-2.3635245791189	0	0.03	1	EXO5	c21
0.175621098874482	-2.36313256183021	0	0.021	1	AC007383.2	c21
0.120433474516372	-2.36294741337737	0	0.027	1	TADA2B	c21
0.0863606872074597	-2.36287684200019	0	0.033	1	COQ7	c21
0.249096454953219	-2.36279584731858	0	0.015	1	LINC00954	c21
3.08220027640008e-08	-2.36259674199994	0.012	0.292	0.00103370832869906	RPS6KA1	c21
0.0881586782124179	-2.36247329261507	0	0.033	1	RRP12	c21
0.105494665503758	-2.36225829995249	0	0.03	1	ZG16B	c21
3.9514785183713e-06	-2.36183066970063	0.012	0.224	0.132524686549137	ZNF428	c21
2.31030940593001e-11	-2.36105362106726	0.012	0.38	7.74831568560808e-07	TNIP1	c21
0.182124547767945	-2.35995415201424	0	0.02	1	CARF	c21
3.53706007745704e-15	-2.35990248829535	0.035	0.513	1.18625920877754e-10	CTSB	c21
0.0912431326474236	-2.35988785509535	0	0.032	1	B3GNT9	c21
0.129193038668511	-2.35973033186264	0	0.026	1	GRAMD4	c21
0.164558867049968	-2.35892658340685	0	0.022	1	MEGF9	c21
6.71293660072088e-07	-2.35856921392312	0.012	0.25	0.0225138467714977	PPM1M	c21
3.66320804748392e-07	-2.35818690470601	0.012	0.259	0.0122856671496516	PAF1	c21
3.06502079230624e-15	-2.35753884677087	0.023	0.494	1.02794667332367e-10	NUTF2	c21
0.113093709474153	-2.3558553606263	0	0.028	1	SMAD7	c21
0.131026052903559	-2.35560748626976	0	0.026	1	DYRK1B	c21
6.35062477857651e-06	-2.35552050389906	0.012	0.217	0.212987253823899	ZNF580	c21
0.0817512149785752	-2.35497820561795	0	0.034	1	ZNF71	c21
0.103322260286944	-2.35490564371523	0	0.03	1	AIG1	c21
0.109223856920218	-2.35487641063537	0	0.029	1	AC124016.1	c21
1.28676546773579e-10	-2.35452243687676	0.023	0.382	4.31555402569228e-06	HLA-F	c21
0.062253564165093	-2.35412201490812	0	0.039	1	DHODH	c21
0.184801397474249	-2.3530628133346	0	0.02	1	ACAD10	c21
2.60125327716364e-26	-2.35249740345049	0.186	0.849	8.72408324095141e-22	HSP90AA1	c21
0.133828538117049	-2.35238044170671	0	0.025	1	PHLDB2	c21
0.0881586782124179	-2.35176093839683	0	0.033	1	NUDT7	c21
2.27646432264895e-10	-2.35158688698049	0.012	0.354	7.63480604530005e-06	FAM50A	c21
1.22356859684281e-20	-2.35144123565717	0.058	0.658	4.10360436009143e-16	GUK1	c21
6.79020885216063e-21	-2.35055833116385	0.035	0.627	2.27730024483763e-16	SRSF7	c21
0.104041074334923	-2.35033422491309	0	0.03	1	AMACR	c21
7.82349871209311e-15	-2.34966076140664	0.023	0.485	2.62384499806179e-10	ATOX1	c21
0.113093709496692	-2.34943131444524	0	0.028	1	PTDSS2	c21
0.120433474516372	-2.34665817653585	0	0.027	1	CCDC125	c21
7.86658498636482e-12	-2.3464559726346	0.012	0.392	2.63829527272703e-07	CHMP5	c21
9.30805961639762e-09	-2.3462041142285	0.023	0.329	0.000312173703414744	COPB2	c21
0.148853809898034	-2.34597659319483	0	0.024	1	UNC93B1	c21
0.0675371201709884	-2.34532884954703	0	0.037	1	C17orf53	c21
0.111528508096286	-2.34520022121548	0	0.029	1	SLC25A43	c21
0.288748558130288	-2.34474440232326	0	0.013	1	HDAC9	c21
3.13801029376559e-08	-2.3446403843747	0.012	0.292	0.0010524258923231	ATP2B4	c21
0.174351891211941	-2.34423747218615	0	0.021	1	AHCYL2	c21
6.26758879361722e-14	-2.34402141222186	0.023	0.465	2.10202392960334e-09	MRPL27	c21
0.0758284434918128	-2.34379650856781	0	0.035	1	SPAG1	c21
6.2081368822223e-16	-2.34366172121971	0.035	0.529	2.08208494755971e-11	CISH	c21
0.353780192683078	-2.34306223589588	0	0.01	1	PCDH9	c21
0.15761478105595	-2.34285490678194	0	0.023	1	AC019163.1	c21
0.105494665524689	-2.34280941739907	0	0.03	1	MEX3C	c21
2.70232107221332e-20	-2.34252112453459	0.047	0.636	9.06304441198902e-16	EWSR1	c21
0.0540074347951439	-2.34076433933596	0	0.041	1	SRRD	c21
0.173092933924196	-2.34065866395256	0	0.021	1	ZNF382	c21
0.269076119282885	-2.34036400545564	0	0.014	1	DPEP2	c21
0.118759421369114	-2.34021998185841	0	0.028	1	KBTBD3	c21
0.101197220576957	-2.34019327962642	0	0.03	1	MTMR1	c21
2.69657246107846e-10	-2.33981156167067	0.012	0.352	9.04376471996493e-06	RTN3	c21
0.0753126377449827	-2.33960295367545	0	0.036	1	AP002748.3	c21
5.84275761032806e-07	-2.33828530247506	0.012	0.252	0.0195954404735182	GRN	c21
1.09892406043678e-11	-2.33823760358784	0.023	0.41	3.68557151389288e-07	ACAT2	c21
0.0737869845959824	-2.33801425108102	0	0.036	1	DUS4L	c21
0.0779286956141097	-2.33774013130166	0	0.035	1	PSMG3-AS1	c21
0.102608708819182	-2.33742266027717	0	0.03	1	EVI5	c21
0.353780192683078	-2.33731182768953	0	0.01	1	TFEC	c21
0.664897433166823	2.33543298215563	0.012	0.008	1	AC040162.1	c21
0.153165412570092	-2.33538802016148	0	0.023	1	ZBTB49	c21
0.116294931771852	-2.33538565340384	0	0.028	1	APOLD1	c21
0.239774936518949	-2.33457611893196	0	0.016	1	CD9	c21
2.00648148105366e-06	-2.33437782614611	0.012	0.234	0.0672933759115778	ZNF106	c21
6.21241987042619e-10	-2.33244014430799	0.012	0.342	2.08352137614354e-05	RUVBL2	c21
8.43007415882439e-15	-2.331596065128	0.035	0.505	2.82727827138652e-10	SNX6	c21
0.195962852086703	-2.33099980961564	0	0.019	1	C9orf72	c21
0.12043347454048	-2.33024339659394	0	0.027	1	DMWD	c21
0.201829678465334	-2.32999421820432	0	0.019	1	TMEM117	c21
0.237960634721686	-2.32940991107738	0	0.016	1	MBTD1	c21
0.113885087325983	-2.32822758833997	0	0.028	1	IRGQ	c21
6.90114063955161e-09	-2.32790065003631	0.012	0.312	0.000231450454769282	USP10	c21
0.325704985698696	-2.32789902740261	0	0.011	1	HLA-DOB	c21
0.152074798563634	-2.32764959268866	0	0.023	1	ZNF529	c21
0.131026052903559	-2.32660768082989	0	0.026	1	PINK1	c21
3.9217054444333e-05	-2.32626323579446	0.012	0.188	1	IARS2	c21
0.0790014450539995	-2.32623950347091	0	0.035	1	TMEM201	c21
1.77438567246943e-18	-2.32620342324584	0.035	0.582	5.95093466832796e-14	DYNLRB1	c21
2.97754778138056e-15	-2.32530703491522	0.047	0.532	9.98609974919411e-11	CD247	c21
6.45813816986205e-09	-2.32515955217215	0.012	0.313	0.000216593037940834	LUC7L2	c21
0.118759421369114	-2.32497986297133	0	0.028	1	ALG10	c21
0.103322260286944	-2.32313890277106	0	0.03	1	GTF2IRD2B	c21
5.88656134117732e-09	-2.32214244243386	0.012	0.314	0.000197423494260405	PRNP	c21
0.0543734609782469	-2.321506885245	0	0.041	1	SLC26A4-AS1	c21
8.06611072480861e-08	-2.31985424147738	0.012	0.28	0.00270521221488631	VPS35	c21
3.23958727095531e-08	-2.31958994440162	0.012	0.292	0.00108649277893299	DDB2	c21
0.0718025330115202	-2.31934882907665	0	0.036	1	ABCB10	c21
0.165748845211612	-2.31792898743341	0	0.022	1	DNAJC27	c21
0.0713151242151486	-2.31729638397433	0	0.036	1	ZNF691	c21
4.83045472834841e-06	-2.31726111603609	0.012	0.221	0.162003790679349	PTOV1	c21
7.57930576085887e-07	-2.31660749489299	0.012	0.248	0.0254194756607685	CRYBG1	c21
0.123858081684669	-2.31654735690144	0	0.027	1	MIER3	c21
3.22505667843115e-05	-2.31644429322043	0.012	0.192	1	MAN1A2	c21
0.128286937682038	-2.31611516201699	0	0.026	1	KCTD2	c21
0.0851834014388088	-2.31591992803476	0	0.033	1	FNIP2	c21
0.140623873312855	-2.31518927065493	0	0.025	1	AC008014.1	c21
0.166948389497443	-2.31462842121729	0	0.022	1	MINDY1	c21
0.153165412570092	-2.31458696235373	0	0.023	1	AL359915.2	c21
0.227408385940187	-2.31458158326739	0	0.017	1	COLQ	c21
0.137666738896593	-2.31411825311562	0	0.025	1	BHLHE40-AS1	c21
7.62056438128613e-08	-2.31346459340582	0.023	0.302	0.00255578488219574	IVNS1ABP	c21
0.126495243945349	-2.31286964379797	0	0.026	1	ZNF211	c21
0.0840229021004115	-2.3127474210531	0	0.034	1	HDHD2	c21
2.68230368752179e-21	-2.31258793602442	0.047	0.654	8.99591010721059e-17	TSPO	c21
0.207898359991981	-2.31258185322798	0	0.018	1	AC110769.2	c21
0.204838238210473	-2.31198204870544	0	0.018	1	AC006369.1	c21
0.150992713012894	-2.31193916855227	0	0.023	1	DPY19L4	c21
2.14024221764705e-11	-2.31093302569605	0.012	0.381	7.17794434954467e-07	TANK	c21
2.79082201338243e-10	-2.31069170974423	0.012	0.351	9.35985886848201e-06	SOCS2	c21
0.154264635684542	-2.30975943068925	0	0.023	1	ARHGEF12	c21
7.01364076695153e-15	-2.30933938592777	0.023	0.486	2.3522348404202e-10	FDPS	c21
0.143650343113095	-2.30906646237101	0	0.024	1	ZKSCAN4	c21
0.143650343083921	-2.30800930316911	0	0.024	1	DHFR2	c21
0.126495243970763	-2.3079357280666	0	0.026	1	PI4K2A	c21
0.12043347454048	-2.30756093944791	0	0.027	1	UTP14C	c21
7.60086441801394e-27	-2.30741619812876	0.128	0.808	2.54917790851351e-22	HMGB1	c21
1.07108913083467e-17	-2.30723988222474	0.035	0.566	3.5922187269933e-13	MDH2	c21
8.86095588745149e-11	-2.30676963419511	0.023	0.387	2.97178738553348e-06	PSTPIP1	c21
0.146748077586249	-2.30554433547113	0	0.024	1	PHC1	c21
0.134777077322642	-2.30396929042031	0	0.025	1	HRH4	c21
0.106229531562937	-2.30381339202371	0	0.029	1	PLA2G15	c21
0.147796835900988	-2.30370404455486	0	0.024	1	KIAA0753	c21
9.23904916928217e-07	-2.30356680455062	0.012	0.245	0.0309859231039386	IL4R	c21
0.494854985807837	2.30286279542747	0.012	0.023	1	FBXL19	c21
0.0811933795408174	-2.30273936842329	0	0.034	1	KHK	c21
4.90706800122935e-09	-2.30272379302219	0.012	0.316	0.00016457324662523	INSIG1	c21
0.121279980904106	-2.30249908516344	0	0.027	1	GLCE	c21
1.87139928394942e-07	-2.3021773005451	0.012	0.268	0.00627629891850956	SLC16A3	c21
8.39444396799687e-23	-2.3015141320676	0.058	0.699	2.81532861798679e-18	GSTK1	c21
0.141624898798905	-2.30093283566804	0	0.025	1	PLEKHA8	c21
0.102608708819182	-2.30070387594355	0	0.03	1	SIRT1	c21
1.32333480099133e-17	-2.29973183124897	0.023	0.543	4.43820025556471e-13	SSNA1	c21
0.34791672377358	-2.29924457136272	0	0.01	1	FCRL3	c21
4.78279871329174e-12	-2.29900924112018	0.012	0.398	1.60405503246378e-07	C9orf78	c21
5.30313810071488e-09	-2.2986049286012	0.012	0.315	0.000177856645621776	KEAP1	c21
0.119593306223543	-2.2983914129408	0	0.027	1	LLGL2	c21
0.137666738840889	-2.29736257156505	0	0.025	1	SLC29A3	c21
4.9338197132686e-07	-2.29294894387237	0.012	0.254	0.0165470445543602	SNX2	c21
0.0670796481805252	-2.29292793186201	0	0.038	1	BORCS8	c21
0.119593306199615	-2.29211011332959	0	0.027	1	CCDC15	c21
2.12890998241871e-07	-2.29193597637923	0.023	0.287	0.00713993829903586	GPR171	c21
3.16000316140484e-10	-2.29162736231943	0.012	0.35	1.05980186027196e-05	LIMS1	c21
4.29511771540698e-07	-2.29160626410097	0.012	0.256	0.0144049657939319	CDIPT	c21
0.116294931748631	-2.29143862882085	0	0.028	1	SNX21	c21
0.734351206875265	2.29005945887204	0.047	0.041	1	HEXDC	c21
0.323059935381559	-2.28999982400144	0	0.011	1	GNG7	c21
0.124730496904135	-2.28976287116248	0	0.027	1	H1F0	c21
0.165748845211612	-2.28945284188504	0	0.022	1	ZNF568	c21
0.0622535641530241	-2.28826356932366	0	0.039	1	AC002467.1	c21
0.127387692839146	-2.28766837629266	0	0.026	1	ZCCHC3	c21
1.28953673291515e-13	-2.28758986369856	0.023	0.458	4.32484829485083e-09	GSTO1	c21
5.47899599163426e-19	-2.28704664948801	0.07	0.643	1.8375456756743e-14	SPOCK2	c21
0.119593306223543	-2.28655257261609	0	0.027	1	NKRF	c21
4.64702592506461e-08	-2.28620385046147	0.012	0.287	0.00155851955474817	MAZ	c21
1.04305284851292e-21	-2.28612450589688	0.047	0.659	3.49819064334263e-17	HCLS1	c21
0.0670796481544555	-2.28349256592399	0	0.038	1	GTF3C4	c21
0.0834488648468774	-2.2834590322628	0	0.034	1	PAK4	c21
5.59777262901445e-06	-2.28328056193448	0.012	0.219	0.187738098431887	FIP1L1	c21
1.37995596001013e-05	-2.28256461235633	0.012	0.205	0.462809629868197	NFE2L2	c21
9.07499777977002e-16	-2.28221059967867	0.093	0.609	3.04357275537927e-11	HLA-DPA1	c21
0.383486613645883	2.28150096784	0.012	0.027	1	NCS1	c21
2.26338785075657e-09	-2.28046060917723	0.012	0.326	7.59095017386737e-05	FDX1	c21
0.0991183879910905	-2.27940411830074	0	0.031	1	A1BG-AS1	c21
0.115485647662291	-2.2792204820752	0	0.028	1	LINC01137	c21
7.6893290593774e-06	-2.27891791705089	0.012	0.214	0.257884717993399	CNOT1	c21
0.147796835810703	-2.27882756683626	0	0.024	1	DIXDC1	c21
1.68214930347007e-05	-2.27778076458456	0.012	0.202	0.564159233397793	RBBP8	c21
1.29255011961478e-07	-2.27775146041552	0.012	0.273	0.00433495459116404	SUMF2	c21
9.89413800187295e-14	-2.27763636270107	0.023	0.459	3.31829600306815e-09	SDF4	c21
7.80566847014668e-22	-2.27715134868858	0.058	0.683	2.61786509151779e-17	WDR1	c21
0.0957533112587329	-2.27621890181285	0	0.031	1	ZNF12	c21
0.0893791139282213	-2.27569159019405	0	0.032	1	AL355001.2	c21
0.152074798563634	-2.275576501103	0	0.023	1	LAYN	c21
0.0998062680806197	-2.27483015319801	0	0.031	1	TPRG1L	c21
5.46681654063295e-14	-2.2745111482503	0.023	0.466	1.83346093139748e-09	RWDD1	c21
1.19508286762362e-09	-2.27448170880403	0.012	0.334	4.0080689214361e-05	CLSPN	c21
0.183457471608322	-2.27419006748164	0	0.02	1	ARL10	c21
0.076347923467407	-2.27400296504228	0	0.035	1	APOOL	c21
0.0626771104732313	-2.27342061500813	0	0.039	1	TSPAN4	c21
9.85052918241093e-18	-2.27328586662407	0.035	0.567	3.30367047719698e-13	COX7B	c21
0.166948389497443	-2.27326140005655	0	0.022	1	RNF130	c21
6.12286637572097e-26	-2.27324046813448	0.047	0.731	2.0534869250893e-21	EIF3K	c21
0.0893791139106491	-2.27322183414347	0	0.032	1	ROGDI	c21
1.1411277357887e-07	-2.27318118300823	0.012	0.275	0.00382711420028815	MRPL40	c21
1.40124503168293e-05	-2.2725160441459	0.012	0.205	0.469949558725821	ATP2A2	c21
5.87795953618362e-10	-2.27238671092909	0.012	0.342	1.97135006924526e-05	INTS11	c21
2.861119249361e-17	-2.27171593424722	0.035	0.556	9.59562173850693e-13	IRF1	c21
2.49256378223446e-14	-2.27161606790269	0.047	0.51	8.35956041285794e-10	C1QBP	c21
0.152074798532582	-2.27006433378347	0	0.023	1	ZBTB6	c21
0.106229531584023	-2.26854683166071	0	0.029	1	MAPRE3	c21
6.08872299794389e-11	-2.26694157138428	0.012	0.369	2.04203591905042e-06	IMMT	c21
7.90208766177338e-06	-2.26615654330517	0.012	0.214	0.265020216000556	PRPSAP1	c21
0.124730496879102	-2.26501937465085	0	0.027	1	KMT5C	c21
0.345033431324977	-2.26495619736758	0	0.01	1	LINC01891	c21
0.123858081734359	-2.26193785347047	0	0.027	1	PSEN2	c21
0.0631036264036065	-2.26165380795705	0	0.039	1	DUSP3	c21
9.21667634680078e-18	-2.26020546948634	0.035	0.567	3.09108891319004e-13	EZR	c21
0.0585716838884004	-2.26012875133571	0	0.04	1	NUP50-DT	c21
0.084601070009717	-2.25999903850236	0	0.033	1	STX2	c21
0.122992228502316	-2.25897188091342	0	0.027	1	NOL6	c21
0.0840229020839406	-2.25883290738954	0	0.034	1	MKS1	c21
2.28549879751067e-09	-2.25806143948472	0.012	0.326	7.66510586709127e-05	MYL6B	c21
0.251012212592476	-2.25728306384356	0	0.015	1	FGD2	c21
0.116294931795073	-2.25694775148588	0	0.028	1	CACTIN	c21
1.16985926914506e-17	-2.25670225226604	0.023	0.544	3.92347401685871e-13	ANAPC16	c21
0.34791672377358	-2.25668052425546	0	0.01	1	ZNF439	c21
0.193102470514179	-2.25621204713209	0	0.019	1	MARCH9	c21
4.38982723002644e-14	-2.25576800623931	0.023	0.468	1.47226025640627e-09	RNASEH2C	c21
0.145707459139051	-2.25545749758885	0	0.024	1	C1orf56	c21
0.188900331530758	-2.25460160444885	0	0.02	1	AP000787.1	c21
7.61218627270536e-16	-2.25454248278173	0.023	0.507	2.55297503213992e-11	NUCB1	c21
1.53230129234024e-08	-2.25435656006528	0.012	0.302	0.000513903207425069	TSPAN14	c21
0.131953089883442	-2.25415269005483	0	0.026	1	CLEC7A	c21
0.137666738924445	-2.25404744920406	0	0.025	1	HSF4	c21
0.128286937707841	-2.25382705889766	0	0.026	1	TPM1	c21
0.153165412570092	-2.25374966205865	0	0.023	1	CTSF	c21
0.0703505663835625	-2.25333949499396	0	0.037	1	IER3IP1	c21
8.09414861235837e-16	-2.25321162708868	0.035	0.527	2.71461556161275e-11	RBM17	c21
0.124730496929169	-2.25276804955349	0	0.027	1	LRP12	c21
0.201829678422703	-2.25264114510251	0	0.019	1	CRYBG3	c21
0.153165412538796	-2.25244324650904	0	0.023	1	BBS2	c21
0.148853809867703	-2.25221164289762	0	0.024	1	FNTB	c21
0.146748077586249	-2.25094248909737	0	0.024	1	AC012615.1	c21
6.58373835110165e-08	-2.25073699384664	0.023	0.303	0.00220805416819247	HIST1H1B	c21
0.068928990873094	-2.25003287522449	0	0.037	1	SARNP	c21
0.32305993530637	-2.24864249341173	0	0.011	1	CXCR5	c21
0.183457471608322	-2.24849577674153	0	0.02	1	FAM120C	c21
1.57948017860897e-11	-2.24710126201241	0.023	0.405	5.29726062301878e-07	HSPA1A	c21
1.31450778437967e-05	-2.24681309978011	0.012	0.206	0.440859620725252	IKBKE	c21
0.198871574208864	-2.24677389574829	0	0.019	1	AC099063.4	c21
1.45955453965822e-11	-2.24661494786311	0.023	0.407	4.89505401510572e-07	SERPINB1	c21
0.145707459168681	-2.24507608821335	0	0.024	1	AC016727.1	c21
0.165748845143313	-2.24424380579133	0	0.022	1	CLIC5	c21
5.44244157967038e-06	-2.24350438656245	0.012	0.219	0.182528605698985	OGDH	c21
8.08392342987117e-11	-2.24278246497727	0.012	0.366	2.71118623991019e-06	FGFR1OP2	c21
8.20915175453924e-10	-2.24276764710285	0.012	0.338	2.75318531543737e-05	GLRX3	c21
6.31723794622231e-15	-2.24264993494239	0.058	0.547	2.11867526240404e-10	PIM1	c21
2.64360769512761e-09	-2.24249982232774	0.012	0.324	8.86613148791898e-05	OSM	c21
1.56123457943047e-09	-2.24194925909789	0.012	0.331	5.23606853249389e-05	FAAP20	c21
8.10400375995975e-05	-2.24184491560361	0.023	0.197	1	XRN1	c21
0.134777077295424	-2.24172050930102	0	0.025	1	INPP5E	c21
0.291042463331511	-2.2415728707837	0	0.013	1	LILRB1	c21
8.45291005263077e-15	-2.24149996506415	0.023	0.484	2.83493697345131e-10	PSMD4	c21
0.0863606872413611	-2.24060287029038	0	0.033	1	AGBL5	c21
0.117110287222732	-2.24026083171859	0	0.028	1	STK11IP	c21
6.74733914254606e-09	-2.24000339099982	0.012	0.312	0.00022629226016271	RANGRF	c21
2.26919495500806e-20	-2.23963816111075	0.047	0.637	7.61042604010605e-16	PSMB10	c21
0.0957533112776253	-2.23920985831273	0	0.031	1	MOCS3	c21
7.13947990133164e-09	-2.23880114107781	0.012	0.312	0.00023944387693086	RTCA	c21
6.16993845155312e-11	-2.23870340989338	0.023	0.391	2.06927395788188e-06	GLIPR1	c21
0.796023337559342	2.23809206662492	0.012	0.009	1	NOMO3	c21
1.07771930532188e-16	-2.23787111642474	0.035	0.546	3.61445500618852e-12	NDUFS6	c21
0.111528508118492	-2.23784567324563	0	0.029	1	PDIA5	c21
0.111528508051873	-2.23774449387688	0	0.029	1	PSMA2	c21
2.59597620080039e-08	-2.2375145241957	0.012	0.295	0.000870638498224435	EIF2AK1	c21
0.241605635103606	-2.2367777039601	0	0.016	1	OSBPL7	c21
0.112308199516906	-2.23592290845512	0	0.029	1	HIST1H3I	c21
0.186156439140746	-2.23568008764831	0	0.02	1	ZBTB37	c21
0.955064643237943	2.23523873537937	0.012	0.011	1	SETBP1	c21
1.30833876867442e-15	-2.23515454842582	0.035	0.524	4.38790656238027e-11	RNPS1	c21
0.000374629587911165	-2.23443876677712	0.012	0.151	1	SAMD3	c21
0.864850873735202	2.23337143316955	0.012	0.01	1	TRAV36DV7	c21
0.13010605651314	-2.23299358244369	0	0.026	1	HOTAIRM1	c21
0.245317027111645	-2.23280555316324	0	0.015	1	AOAH	c21
0.152074798563634	-2.23243268388474	0	0.023	1	ARSG	c21
6.22388300069685e-15	-2.2318003335041	0.023	0.488	2.08736588077371e-10	NDUFB3	c21
0.104041074355548	-2.23142140654123	0	0.03	1	LONRF3	c21
0.00218977080452692	-2.23009617644002	0.012	0.121	1	ENTPD4	c21
0.110754586100404	-2.22893667415145	0	0.029	1	AC008438.1	c21
1.03707512577362e-18	-2.22826341574657	0.058	0.624	3.47814255681958e-14	GPX4	c21
0.138644862751398	-2.22779065241147	0	0.025	1	SCAMP1-AS1	c21
7.05823244806317e-12	-2.22774298557754	0.012	0.393	2.36718999843143e-07	PQBP1	c21
8.92160006908098e-08	-2.22633479939401	0.023	0.299	0.00299212623116838	PHF11	c21
2.08997623994864e-12	-2.22621712589058	0.012	0.406	7.00936231353975e-08	LAMTOR2	c21
0.230863515897738	-2.22572462514634	0	0.016	1	LMF1	c21
0.180802514444841	-2.22489334773591	0	0.02	1	PCMTD2	c21
8.91206650373914e-19	-2.22474578430835	0.047	0.609	2.98892886402403e-14	RBX1	c21
0.145707459168681	-2.22436981986761	0	0.024	1	PDE1B	c21
0.125609531624775	-2.22418108373737	0	0.027	1	METAP1D	c21
0.106229531562937	-2.22415231880761	0	0.029	1	AP005019.1	c21
0.13102605287716	-2.224123085497	0	0.026	1	SLC41A1	c21
3.81701335874379e-15	-2.22367764506415	0.023	0.492	1.28014994025549e-10	TOP1	c21
0.0679978181720684	-2.22353846630641	0	0.037	1	AC105446.1	c21
0.0648398349472134	-2.22313288071233	0	0.038	1	FMC1	c21
0.339360980532741	-2.22309587330878	0	0.011	1	CDK14	c21
6.92225238242896e-12	-2.22269025670277	0.023	0.415	2.32158500401902e-07	TCP1	c21
2.16740127925809e-06	-2.22129815038399	0.012	0.233	0.0726903041037578	C12orf65	c21
3.92496982020486e-06	-2.22109997990921	0.012	0.224	0.131635637830031	APOL3	c21
3.60083673310741e-07	-2.22103169865746	0.012	0.259	0.0120764862354956	NFATC3	c21
0.0784631605661969	-2.2202843057666	0	0.035	1	PIGW	c21
5.0891332977763e-18	-2.21991498651253	0.035	0.572	1.70679352540822e-13	CD63	c21
0.164558867117724	-2.21983068348275	0	0.022	1	TRAV39	c21
0.075828443447412	-2.21882147453814	0	0.035	1	TAX1BP3	c21
8.44058743600945e-06	-2.2187076213474	0.012	0.212	0.283080421428885	CASP8	c21
0.186156439101857	-2.21840811586219	0	0.02	1	ANKAR	c21
1.13587402759423e-20	-2.21821986101937	0.093	0.713	3.80949431374553e-16	TPM4	c21
1.9611241341883e-19	-2.21815232130909	0.058	0.639	6.57721812124072e-15	PSMD8	c21
4.92970552685169e-13	-2.21803013115042	0.023	0.444	1.65332463959552e-08	LITAF	c21
0.101197220576957	-2.21733534242523	0	0.03	1	NUDT19	c21
0.110754586056319	-2.21719094716829	0	0.029	1	FUZ	c21
1.09654312198999e-20	-2.21647196121302	0.058	0.661	3.67758632253003e-16	ITM2B	c21
0.123858081734359	-2.21634533793324	0	0.027	1	BRMS1L	c21
0.14991907634564	-2.21490285369756	0	0.024	1	MAP1A	c21
5.93301561321311e-05	-2.21354444872613	0.012	0.182	1	CCNK	c21
0.158749267159495	-2.21315391597587	0	0.023	1	ZNF614	c21
1.5214052473728e-18	-2.21271813041054	0.047	0.599	5.1024889186389e-14	SNU13	c21
0.165748845211612	-2.21237839895378	0	0.022	1	DTX3	c21
0.200344387255302	-2.21169322832126	0	0.019	1	RAMP1	c21
0.13102605287716	-2.21112593950168	0	0.026	1	OSBPL11	c21
2.78664386363887e-06	-2.21050045411982	0.012	0.229	0.0934584618987204	XPO1	c21
3.548913024421e-16	-2.20991679784667	0.07	0.594	1.19023445013031e-11	PA2G4	c21
5.52332640169123e-05	-2.20991642982089	0.012	0.183	1	ASCC3	c21
0.0811933795567095	-2.20946210890274	0	0.034	1	FAM72A	c21
0.1553725495008	-2.20927086165586	0	0.023	1	NAGLU	c21
0.100499198418866	-2.20902157408793	0	0.03	1	STOML1	c21
0.000146444347723933	-2.20898515351922	0.012	0.167	1	TNPO3	c21
2.07253299864718e-09	-2.20780979691928	0.012	0.327	6.95086117086291e-05	POLR2C	c21
0.113093709496692	-2.20721466952619	0	0.028	1	HES6	c21
0.155372549532593	-2.20648111214469	0	0.023	1	NAB2	c21
0.861268103029879	2.2058255473337	0.012	0.014	1	ZNF891	c21
0.155372549437213	-2.20579820408147	0	0.023	1	IL18RAP	c21
4.7101499322488e-08	-2.20504648667323	0.012	0.287	0.0015796900842776	BRMS1	c21
8.49027830910232e-06	-2.20412579312945	0.012	0.212	0.284746953930674	VHL	c21
5.25232480984764e-14	-2.20397626492966	0.023	0.467	1.7615246947267e-09	ENY2	c21
0.312751953497349	-2.2034960769026	0	0.012	1	ALPK1	c21
0.154264635652998	-2.20347503716478	0	0.023	1	AC009961.1	c21
0.156489236729106	-2.20328518170384	0	0.023	1	AC116366.2	c21
0.0718025330115202	-2.20316920733421	0	0.036	1	PGAM5	c21
0.116294931771852	-2.20285029601878	0	0.028	1	ZNF446	c21
0.140623873312855	-2.20281497885778	0	0.025	1	MOB1B	c21
0.084601070042896	-2.20249431725536	0	0.033	1	LLGL1	c21
0.234380438967835	-2.20232272833341	0	0.016	1	RNF139-AS1	c21
2.53400037643244e-12	-2.20204333119745	0.012	0.404	8.49853046247913e-08	C19orf24	c21
0.0648398349472134	-2.20196033748292	0	0.038	1	ENDOG	c21
0.362826332098992	-2.20194015112045	0	0.01	1	NEIL1	c21
0.107715630109627	-2.20161942627271	0	0.029	1	B4GAT1	c21
1.98830784577276e-06	-2.20137242009118	0.023	0.255	0.0666838685315268	MAP7D1	c21
0.0906172967925025	-2.20066562553385	0	0.032	1	VSIG10	c21
1.16524479362406e-05	-2.19901188863496	0.012	0.208	0.390799798885636	FAM120A	c21
0.197411106296027	-2.19889723064247	0	0.019	1	ZNF780B	c21
0.258854028558197	-2.19873251857347	0	0.015	1	TIGD1	c21
1.35595037954826e-06	-2.198575797082	0.023	0.261	0.0454758638292895	RABGAP1L	c21
8.21754087171658e-07	-2.19812836132781	0.023	0.268	0.0275599885755631	P2RY8	c21
0.112308199539278	-2.19794701175636	0	0.029	1	NKIRAS1	c21
0.19169009005579	-2.19761382067659	0	0.019	1	ZNF827	c21
0.124730496879102	-2.19704762267608	0	0.027	1	KYAT1	c21
0.0840229020674696	-2.19690509303413	0	0.034	1	CCSAP	c21
2.72208781342911e-23	-2.19670133676975	0.081	0.737	9.12933810867853e-19	RPS11	c21
0.144674905681942	-2.19664074819661	0	0.024	1	MPP5	c21
0.123858081709514	-2.19643661749471	0	0.027	1	HABP4	c21
1.65188703586167e-15	-2.19610143390564	0.023	0.5	5.54009874087288e-11	KIF2A	c21
1.48826887054256e-06	-2.19602064745562	0.012	0.239	0.0499135613802565	MAP4K2	c21
1.31971045349598e-14	-2.19527823986342	0.023	0.48	4.42604491893483e-10	DNAJC15	c21
2.14176900994696e-06	-2.19475426859216	0.012	0.233	0.0718306490556011	GMPS	c21
0.0708311440260339	-2.19467971853414	0	0.037	1	FKBP1C	c21
0.187522711611592	-2.19439631997704	0	0.02	1	AMIGO2	c21
0.100499198458631	-2.19414946294576	0	0.03	1	SPON2	c21
0.705432194986517	2.19381342339327	0.047	0.059	1	MBD3	c21
4.66512462425441e-08	-2.19377667255635	0.023	0.308	0.00156458949648244	CYFIP2	c21
1.19908055697358e-16	-2.19347295391976	0.035	0.543	4.021476371978e-12	ANAPC11	c21
0.146748077556387	-2.1930789882417	0	0.024	1	DBT	c21
0.128286937682038	-2.19278440759692	0	0.026	1	CCZ1	c21
0.219031635472845	-2.19264476290301	0	0.017	1	ARL17A	c21
1.93707666677512e-10	-2.19211676809128	0.012	0.356	6.49656772503039e-06	STMP1	c21
0.148853809867703	-2.19188010416228	0	0.024	1	PLD6	c21
0.119593306223543	-2.19142148819484	0	0.027	1	FAM213A	c21
2.93204536986656e-12	-2.190959020328	0.012	0.403	9.83349376145847e-08	POLR2F	c21
0.937874935668485	2.19029003469054	0.012	0.011	1	AC004951.1	c21
3.15892706251604e-10	-2.1902699234629	0.012	0.35	1.05944095822663e-05	APOBEC3C	c21
4.38029465362619e-08	-2.19007169961395	0.023	0.309	0.00146906322093315	CTLA4	c21
0.118759421321617	-2.18974593759993	0	0.028	1	NEURL1	c21
3.67078739380341e-11	-2.18924529162271	0.012	0.375	1.23110867613379e-06	LAP3	c21
0.114682383245355	-2.18864710093888	0	0.028	1	AP4S1	c21
0.295698829582551	-2.18845225222708	0	0.013	1	TCEA3	c21
0.129193038668511	-2.18805045059836	0	0.026	1	KLHDC10	c21
0.201829678465334	-2.18803915270954	0	0.019	1	ZNF169	c21
0.359776690295609	-2.1877916373249	0	0.01	1	MACROD2	c21
2.21752786723411e-05	-2.18765146369419	0.012	0.198	0.743714496112976	ELOA	c21
8.67109854499811e-14	-2.18639240642255	0.023	0.462	2.90811303002147e-09	BIN2	c21
1.41711874069592e-12	-2.1862782473876	0.023	0.433	4.75273283254597e-08	SASH3	c21
0.112308199584023	-2.18606312514209	0	0.029	1	G0S2	c21
0.1092238568985	-2.18602703354576	0	0.029	1	SCARB1	c21
0.148853809867703	-2.18591358867435	0	0.024	1	ARSD	c21
4.13614302402283e-17	-2.18568735560315	0.035	0.555	1.38717964739678e-12	EIF4G2	c21
0.143650343113095	-2.18515612784887	0	0.024	1	HSPBAP1	c21
0.207898359947877	-2.18435206702897	0	0.018	1	FLCN	c21
1.90743762725612e-06	-2.1833916889045	0.012	0.235	0.0639716431429158	HDGF	c21
1.0299319155364e-06	-2.18268505940202	0.012	0.244	0.0345418565832597	ARHGEF6	c21
0.258854028558197	-2.18246574431728	0	0.015	1	PIK3C2B	c21
0.201829678422703	-2.18214331621016	0	0.019	1	FGL2	c21
0.106969837925513	-2.18172210170671	0	0.029	1	RAP2A	c21
0.0893791139282213	-2.18053780579555	0	0.032	1	KAT14	c21
8.8917595127249e-11	-2.17989090244991	0.012	0.365	2.98211830537768e-06	SRPK1	c21
1.1769454549353e-12	-2.17983415242013	0.035	0.453	3.94723966676199e-08	MIR4435-2HG	c21
3.13086353819436e-18	-2.17950568694824	0.058	0.616	1.05002901343962e-13	AES	c21
5.68628734763707e-05	-2.1794349242857	0.012	0.183	1	RDX	c21
0.888957856876055	2.17940410041133	0.012	0.014	1	ABCA1	c21
0.101197220556928	-2.1791334287697	0	0.03	1	AC008267.5	c21
2.35638597241763e-09	-2.17890514305118	0.023	0.347	7.90284727429423e-05	SRRT	c21
1.12186873731524e-15	-2.1785894812621	0.081	0.594	3.76252337120784e-11	HSPD1	c21
0.203327583010765	-2.17854582023185	0	0.018	1	RCBTB2	c21
0.11548564768534	-2.17764152740809	0	0.028	1	ADAP1	c21
0.165748845177462	-2.1773853247801	0	0.022	1	GPD1L	c21
9.69646193278258e-09	-2.17726478372304	0.023	0.329	0.000325199940301662	ABCF1	c21
9.6364629739447e-18	-2.1770498289286	0.035	0.568	3.23187695220157e-13	TKT	c21
0.175621098801633	-2.17651121428971	0	0.021	1	ZNF778	c21
0.146748077586249	-2.17610295493552	0	0.024	1	EXTL2	c21
0.982291361835152	2.1755886854003	0.023	0.024	1	MNT	c21
6.31484981416534e-05	-2.17551232637601	0.012	0.181	1	IL4I1	c21
0.194526682706418	-2.17511006523339	0	0.019	1	AC127521.1	c21
0.0944412199220716	-2.1750954278706	0	0.032	1	SLC25A15	c21
0.162207239954122	-2.17457104514481	0	0.022	1	ALKBH8	c21
0.166948389463019	-2.17453047593828	0	0.022	1	SCRN1	c21
0.201829678422703	-2.17393238679742	0	0.019	1	CHIC1	c21
6.41373586865573e-10	-2.17347244410273	0.012	0.341	2.15103873562976e-05	HCFC1R1	c21
0.0823130533650338	-2.17292072967759	0	0.034	1	ZNF684	c21
0.162207239987464	-2.17288194110261	0	0.022	1	BMPR2	c21
0.163378362537566	-2.1727030733632	0	0.022	1	AC116407.2	c21
0.204838238253832	-2.1722923876073	0	0.018	1	ZNF17	c21
0.133828538117049	-2.17164779931113	0	0.025	1	SAP30L	c21
0.114682383245355	-2.17157179740873	0	0.028	1	PRKAG2-AS1	c21
0.204838238210473	-2.17132918378391	0	0.018	1	CASD1	c21
0.132887230359245	-2.17119568553477	0	0.026	1	PAFAH2	c21
0.174351891248071	-2.17100840819416	0	0.021	1	ZDHHC14	c21
0.699357125751495	2.17062176810577	0.012	0.017	1	AC021054.1	c21
0.145707459168681	-2.16993463280357	0	0.024	1	SH2B3	c21
0.140623873312855	-2.16977801780269	0	0.025	1	CHSY1	c21
0.0657263464082423	-2.16926068011769	0	0.038	1	ATP2A1-AS1	c21
0.790166871806513	2.16851104395052	0.012	0.015	1	ABCB1	c21
0.211011184431037	-2.16764672157652	0	0.018	1	ZNF550	c21
0.200344387213029	-2.16613788654407	0	0.019	1	ZFP82	c21
1.25749069864637e-06	-2.16555105938454	0.012	0.241	0.0421737230512019	SH3BP1	c21
6.52505264323998e-05	-2.1654538178366	0.012	0.18	1	GNPAT	c21
0.156489236729106	-2.16532878408845	0	0.023	1	KIAA0895L	c21
4.06331050980956e-05	-2.16527233539799	0.012	0.188	1	KIF2C	c21
0.307755471666043	-2.16487634757484	0	0.012	1	TLR1	c21
4.58123601900683e-13	-2.16439244881877	0.035	0.464	1.53645493605451e-08	CAST	c21
7.33907383505021e-13	-2.16434939606739	0.023	0.439	2.46137858279914e-08	HSBP1	c21
0.163378362503958	-2.16433833479563	0	0.022	1	SLFN12	c21
5.03433626358695e-05	-2.16432842033702	0.012	0.185	1	EHMT1	c21
0.132887230412855	-2.16345174362682	0	0.026	1	TESK1	c21
0.126495243970763	-2.16331242314307	0	0.026	1	ABAT	c21
0.121279980855526	-2.16235802043415	0	0.027	1	AL451165.2	c21
2.95015652377475e-05	-2.16190599470232	0.035	0.231	0.989423494943576	IL7R	c21
1.36344571159899e-08	-2.16119438781395	0.012	0.303	0.000457272422756069	CDS2	c21
4.87508164972412e-05	-2.16054442067585	0.012	0.185	1	DHX16	c21
2.47347634055242e-08	-2.15981496201875	0.012	0.295	0.000829554495094472	SNAPIN	c21
0.712673126980477	2.15954382817984	0.035	0.045	1	ZNF609	c21
0.42893127537486	2.15799867321479	0.012	0.025	1	HIST1H4D	c21
2.83998395436738e-07	-2.15796071016635	0.023	0.284	0.00952473818615733	KIF20B	c21
1.02697005644778e-08	-2.15783875613588	0.012	0.307	0.000344425217531458	BNIP2	c21
0.112308199516906	-2.15760179861837	0	0.029	1	APLF	c21
0.148853809898034	-2.15732783831079	0	0.024	1	FAM20B	c21
2.8391022421077e-18	-2.15678991025263	0.035	0.578	9.5217810995808e-14	SPCS2	c21
0.230863515997362	-2.1567084820023	0	0.016	1	TMTC3	c21
4.01480538639599e-05	-2.15645657058989	0.012	0.188	1	LINC00861	c21
0.0823130533811547	-2.15565544760532	0	0.034	1	DDIAS	c21
0.000451840579107538	-2.1553722820854	0.012	0.148	1	DELE1	c21
2.08645331714248e-08	-2.15443012378481	0.012	0.298	0.000699754713503246	YME1L1	c21
0.170605364628368	-2.15331146372126	0	0.021	1	MBNL3	c21
0.143650343113095	-2.15189302064836	0	0.024	1	ST7	c21
4.61691755602085e-08	-2.15116877530263	0.012	0.287	0.00154842180993827	CEBPG	c21
0.392947193573101	2.15073652425612	0.023	0.043	1	MSANTD4	c21
0.162207239987464	-2.15052487893388	0	0.022	1	TAPT1	c21
0.0906172968281581	-2.15052082208535	0	0.032	1	GATD3A	c21
0.26492960476108	-2.1504987305805	0	0.014	1	AL357060.1	c21
0.10476519466977	-2.14972625870681	0	0.03	1	EXOC3-AS1	c21
3.63437794737763e-05	-2.14931498932154	0.012	0.19	1	LBH	c21
1.45757834749602e-09	-2.14876457664712	0.012	0.331	4.88842626183217e-05	CMPK1	c21
0.836206277895209	2.148743110002	0.012	0.01	1	AL390728.6	c21
0.131953089883442	-2.1483779494275	0	0.026	1	ZNF41	c21
1.21364066362876e-10	-2.14695006710581	0.012	0.361	4.07030805767815e-06	PSMD14	c21
7.20540695323261e-09	-2.1468424064134	0.023	0.333	0.000241654938397515	CD55	c21
0.0703505663698698	-2.14676460551131	0	0.037	1	SLC25A10	c21
0.136696111527178	-2.14628492454461	0	0.025	1	TMEM79	c21
0.159892780889407	-2.14556180896175	0	0.022	1	CCDC85C	c21
0.135732913204935	-2.1453605408668	0	0.025	1	TEX2	c21
2.34282220708491e-08	-2.14410332783785	0.058	0.373	0.000785735711812137	TNFRSF4	c21
0.187522711611592	-2.14391442944031	0	0.02	1	GALNT4	c21
0.130106056565537	-2.14384187077343	0	0.026	1	LATS2	c21
1.10647929612652e-11	-2.14362805014015	0.012	0.388	3.71091026334913e-07	PCNP	c21
1.38645006581763e-19	-2.143412220833	0.058	0.639	4.64987623073917e-15	OSTF1	c21
0.143650343083921	-2.14299379608879	0	0.024	1	GTPBP2	c21
0.209448111660719	-2.14298382182631	0	0.018	1	SPPL2B	c21
0.117110287222732	-2.14274301862425	0	0.028	1	SMTN	c21
4.51597145561093e-09	-2.14233773197571	0.012	0.317	0.000151456650678279	PTBP3	c21
1.15862484448706e-09	-2.14232617301207	0.023	0.356	3.8857960034407e-05	CLTC	c21
0.168157593869548	-2.14231966853056	0	0.022	1	ZNF337	c21
0.147796835870893	-2.14212262341076	0	0.024	1	FAM122C	c21
1.09624612135701e-10	-2.1419202942002	0.012	0.362	3.67659024180713e-06	SEPT2	c21
0.0869557085767049	-2.14184543786198	0	0.033	1	SLC35F3	c21
0.141624898741455	-2.14164074022166	0	0.025	1	STARD10	c21
0.122132880224867	-2.14161106260184	0	0.027	1	PIGA	c21
2.27717471506225e-09	-2.1413164667986	0.012	0.326	7.63718855937578e-05	RFC1	c21
0.211011184475902	-2.14116014308009	0	0.018	1	ADHFE1	c21
3.34055014812952e-11	-2.1410979672718	0.012	0.376	1.12035370867968e-06	DSTN	c21
2.30583055295965e-15	-2.14013981714392	0.023	0.497	7.73329450851609e-11	RPA3	c21
1.57837855511504e-19	-2.14000875964035	0.047	0.623	5.29356599814481e-15	XRCC5	c21
0.146748077556387	-2.13992429785603	0	0.024	1	GIN1	c21
0.13010605651314	-2.13983207201558	0	0.026	1	ZEB1-AS1	c21
0.131953089856841	-2.1393752443233	0	0.026	1	SPOPL	c21
5.03929177557634e-15	-2.13925371619497	0.035	0.511	1.69007767569279e-10	H2AFY	c21
7.88983017959267e-14	-2.13872645750257	0.023	0.462	2.64609124563179e-09	CAPN2	c21
0.197411106296027	-2.1385284408627	0	0.019	1	UBE2W	c21
1.54960775238393e-10	-2.1384067042216	0.023	0.38	5.19707447994523e-06	SNX5	c21
0.162207239887439	-2.13830341495676	0	0.022	1	MIR762HG	c21
5.79214848970081e-07	-2.13809850715115	0.012	0.252	0.0194257076047586	IDI1	c21
0.271178981298372	-2.13779877360067	0	0.014	1	RSAD2	c21
7.18506094091774e-07	-2.13696876985745	0.012	0.249	0.0240972573836499	GMPPB	c21
3.58099637227115e-08	-2.13633269688556	0.023	0.312	0.0012009945633323	CYLD	c21
0.131953089883442	-2.13600552372342	0	0.026	1	WDCP	c21
2.54703998859364e-06	-2.13431580681796	0.012	0.231	0.0854226271374534	PRCC	c21
0.105494665503758	-2.13353336557852	0	0.03	1	CCDC9	c21
5.83678580291447e-10	-2.13305363364694	0.023	0.365	1.95754122258145e-05	PDCL3	c21
0.302859794907425	-2.13227406909728	0	0.012	1	PTGDR	c21
0.150992713012894	-2.13225248264431	0	0.023	1	TSPYL4	c21
3.33809567300087e-16	-2.13126146827536	0.012	0.492	1.11953052681103e-11	MMADHC	c21
0.212587726532685	-2.13096870550067	0	0.018	1	INKA1	c21
1.55722102144859e-06	-2.13075184456406	0.012	0.238	0.0522260786173428	ACTR1B	c21
0.195962852127923	-2.13066546364947	0	0.019	1	SNN	c21
0.184801397474249	-2.12976637203925	0	0.02	1	SOCS5	c21
0.262885436854684	-2.12914190631802	0	0.014	1	ZNF594	c21
0.0631036263913679	-2.12876715445732	0	0.039	1	EEF1E1	c21
0.000488537111151994	-2.12872635292616	0.012	0.147	1	GOLGA2	c21
0.38617687608085	2.12867068681219	0.012	0.027	1	CCDC61	c21
0.237960634721686	-2.1263494877293	0	0.016	1	ZNF737	c21
0.339360980532741	-2.12606196832686	0	0.011	1	TCP11L2	c21
9.34399007438008e-05	-2.12605295584781	0.012	0.175	1	ASXL2	c21
1.03762515167663e-05	-2.12598615414453	0.012	0.209	0.347998723369308	UXS1	c21
0.113093709474153	-2.12584069397784	0	0.028	1	RAB3A	c21
0.362688023273906	2.12495185852364	0.012	0.028	1	NOL12	c21
0.241605635156164	-2.12279019890474	0	0.016	1	PAN2	c21
0.247198131420958	-2.12265726605201	0	0.015	1	KIAA1324	c21
0.000241801001698811	-2.12241569314645	0.012	0.159	1	RIF1	c21
8.89320772160606e-07	-2.12194484651319	0.012	0.246	0.0298260400567224	ARID5A	c21
0.163378362503958	-2.12167233198004	0	0.022	1	STAP2	c21
0.166948389497443	-2.12100493276265	0	0.022	1	VPS54	c21
0.144674905711343	-2.12066673173853	0	0.024	1	CCRL2	c21
0.166948389463019	-2.11980349476501	0	0.022	1	NACC2	c21
5.85345583121884e-11	-2.11975604833776	0.012	0.37	1.96313201667418e-06	DDA1	c21
5.97619276085502e-11	-2.11794348141683	0.012	0.369	2.00429552813556e-06	SFT2D1	c21
3.11539738531218e-06	-2.11730083092072	0.012	0.228	0.1044841975086	PEX16	c21
0.123858081684669	-2.1167229825512	0	0.027	1	DCLRE1A	c21
0.627543920360551	2.11598868412503	0.023	0.033	1	ABCF2.1	c21
1.79837004381548e-20	-2.11560496887021	0.07	0.678	6.03137345294836e-16	OST4	c21
0.1366961114719	-2.11559668115309	0	0.025	1	FARP2	c21
0.166948389428595	-2.11529344273077	0	0.022	1	BCAR3	c21
0.174351891248071	-2.1152097992427	0	0.021	1	LZTS2	c21
8.44306535330399e-06	-2.11434112325849	0.012	0.212	0.283163525819109	MGAT4A	c21
0.315288963061402	-2.11411700962275	0	0.012	1	AC020911.2	c21
9.72066927492205e-06	-2.1138532459093	0.012	0.211	0.326011806142336	MT1X	c21
0.159892780790961	-2.11268690023183	0	0.022	1	TRGC1	c21
0.34791672377358	-2.11241551755094	0	0.01	1	PAX5	c21
0.102608708778533	-2.1123142801363	0	0.03	1	LINC00884	c21
0.302859794768932	-2.11109193020175	0	0.012	1	FGR	c21
0.0991183879910905	-2.11103647868301	0	0.031	1	AC109826.1	c21
0.19028941781329	-2.11095163921042	0	0.02	1	FXYD1	c21
0.0998062681595696	-2.11094579785519	0	0.031	1	PALB2	c21
0.102608708798857	-2.10979316742904	0	0.03	1	EPOP	c21
6.88069709122714e-06	-2.1097515614198	0.012	0.216	0.230764819045576	CDC5L	c21
0.121279980879816	-2.10962185568128	0	0.027	1	DNAJA4	c21
9.07322463337174e-06	-2.10949023507882	0.012	0.211	0.304297807754021	NOC2L	c21
3.95628287286773e-11	-2.10845197890892	0.012	0.374	1.32685814990238e-06	TRAPPC3	c21
1.95174763156167e-11	-2.10771912699043	0.035	0.426	6.54577120673153e-07	NUCKS1	c21
3.36993956240472e-12	-2.10759487211722	0.023	0.423	1.1302103304393e-07	XBP1	c21
0.000130665024588003	-2.10712565161523	0.012	0.169	1	PEX11B	c21
0.133828538090038	-2.10684328433831	0	0.025	1	ABHD17B	c21
0.78984173776734	2.10681843168168	0.012	0.015	1	VPS9D1-AS1	c21
0.178190678527427	-2.1061928021981	0	0.021	1	ARIH2OS	c21
0.249096454953219	-2.10614851772913	0	0.015	1	AC002310.1	c21
6.87865246957964e-13	-2.10580321075591	0.047	0.481	2.30696246524762e-08	SRRM1	c21
0.108466954272737	-2.10561732205194	0	0.029	1	TK2	c21
0.0977576137185677	-2.10531404723206	0	0.031	1	SDHAF4	c21
0.362826332098992	-2.10456063440173	0	0.01	1	LY86	c21
1.66937708441726e-13	-2.10447371436345	0.023	0.455	5.59875686571861e-09	FKBP2	c21
0.164558867083846	-2.10411318314722	0	0.022	1	CACNB3	c21
6.73434713347297e-06	-2.10281028863014	0.012	0.216	0.225856534162416	GPAT3	c21
0.0899959691795095	-2.10149268359252	0	0.032	1	TP73	c21
3.02067442173426e-12	-2.10141788685337	0.023	0.424	1.01307378756123e-07	MRPL28	c21
3.48437730504823e-15	-2.10114356370529	0.07	0.571	1.16859046056707e-10	DUT	c21
7.17722667759766e-15	-2.10091019979183	0.035	0.508	2.4070982831327e-10	TRABD	c21
0.861094715863854	2.09970204890482	0.012	0.014	1	ZNF69	c21
0.156489236761151	-2.09954495214483	0	0.023	1	ZC3HAV1L	c21
0.171844125120911	-2.097840869389	0	0.021	1	FES	c21
0.571887809482933	2.09675845585476	0.012	0.021	1	PBX3	c21
0.206361783403665	-2.09653528157986	0	0.018	1	NR1D2	c21
1.58264246146167e-05	-2.09634487226936	0.012	0.203	0.530786628725016	GRAMD1A	c21
7.00473290728867e-10	-2.09554474752077	0.023	0.362	2.34924732244647e-05	KLF6	c21
0.156489236729106	-2.0950764544163	0	0.023	1	SPATC1L	c21
1.46937553521622e-07	-2.09491762893186	0.012	0.271	0.00492799167000816	ATG12	c21
4.35262125156854e-08	-2.09473638298399	0.023	0.309	0.00145978211535106	ATAD2	c21
0.159892780856592	-2.09467093847363	0	0.022	1	ZNF268	c21
2.48925776913218e-07	-2.09460060597742	0.012	0.264	0.0083484727061155	ZNHIT3	c21
1.82710961754031e-05	-2.09274227715858	0.012	0.201	0.612776023530669	HCFC1	c21
0.164558867117724	-2.09242848276518	0	0.022	1	KDM1B	c21
0.13288723038605	-2.09222117819657	0	0.026	1	PQLC1	c21
0.220677831337637	-2.09178445863037	0	0.017	1	SLC4A8	c21
9.66035076371632e-09	-2.09113224479247	0.012	0.308	0.000323988843913518	EIF4E	c21
0.155372549437213	-2.0899068018851	0	0.023	1	FP565260.1	c21
1.07055922092991e-07	-2.08989275153298	0.012	0.276	0.00359044151515474	BHLHE40	c21
0.14162489877018	-2.08911682218295	0	0.025	1	USP30	c21
2.75005204770285e-11	-2.08821425106673	0.023	0.401	9.2231245575858e-07	CCDC124	c21
0.266993080551225	-2.08782452849509	0	0.014	1	RASGRF2	c21
0.179491260995458	-2.0876682550488	0	0.021	1	MXI1	c21
5.47794371791335e-06	-2.08701781139585	0.012	0.219	0.183719276411378	WIPI2	c21
0.129193038590511	-2.08677133847643	0	0.026	1	NEIL2	c21
0.220677831290382	-2.08470847913931	0	0.017	1	CD300C	c21
0.183457471608322	-2.08448359064142	0	0.02	1	PLPP6	c21
0.165748845143313	-2.08351863510678	0	0.022	1	PLD1	c21
0.190289417773422	-2.08284494207637	0	0.02	1	KIAA1217	c21
2.63875967866687e-07	-2.08250833897433	0.012	0.263	0.00884987221031294	LRRC61	c21
0.126495243996178	-2.08222029761901	0	0.026	1	HOXB7	c21
0.350832122451395	-2.08221085371474	0	0.01	1	BCL11A	c21
1.00196250247137e-05	-2.08194794617787	0.012	0.21	0.336038184078848	SERINC1	c21
0.115485647639242	-2.08178908437076	0	0.028	1	PSKH1	c21
0.284227700336559	-2.08113649830384	0	0.013	1	SNX22	c21
0.175621098910907	-2.08025006823659	0	0.021	1	AC078846.1	c21
0.484313894716463	2.08000091753721	0.012	0.023	1	WIZ	c21
0.1011972205369	-2.07941360297016	0	0.03	1	IPP	c21
0.198871574250783	-2.07873025399639	0	0.019	1	WDR90	c21
0.188900331649373	-2.07841300418898	0	0.02	1	AC064807.1	c21
0.42912415193371	2.07839557731901	0.012	0.025	1	GPR68	c21
0.138644862751398	-2.07826724732159	0	0.025	1	AC004241.1	c21
2.23838486765914e-08	-2.07743659638598	0.012	0.297	0.000750709516915522	MRPS33	c21
0.217399686235205	-2.07727273278138	0	0.017	1	WDR91	c21
7.91913534422013e-09	-2.07708722646896	0.012	0.31	0.000265591961174455	PSMC6	c21
4.9056675940492e-21	-2.07706076011562	0.07	0.695	1.64526279769222e-16	HNRNPC	c21
0.847644475500621	2.0770267421011	0.012	0.014	1	VPS9D1	c21
8.25461262685955e-14	-2.07680202067906	0.035	0.482	2.76843198279615e-09	OSTC	c21
0.339360980532741	-2.07620715689792	0	0.011	1	CDO1	c21
0.190289417773422	-2.07616186240055	0	0.02	1	ZNF701	c21
1.07804941246775e-07	-2.07607508261239	0.012	0.276	0.00361556211953435	REST	c21
0.157614780991351	-2.07568819467842	0	0.023	1	BBC3	c21
1.31659958483969e-15	-2.07500436363622	0.035	0.523	4.41561168763534e-11	CCT7	c21
1.55562077462289e-08	-2.07469651575832	0.012	0.301	0.000521724095393026	RRAGA	c21
0.121279980879816	-2.07413769646359	0	0.027	1	GSTCD	c21
1.22068383659319e-08	-2.07403710675207	0.023	0.326	0.000409392945116625	HNRNPH1	c21
0.211011184431037	-2.07369399934384	0	0.018	1	AC098484.3	c21
1.62622133247046e-12	-2.07243282325954	0.035	0.451	5.45402110483944e-08	PNISR	c21
0.230863515997362	-2.07227988876537	0	0.016	1	PPAN	c21
0.18480139751282	-2.07178560739434	0	0.02	1	ZNF250	c21
0.191690090095991	-2.07117121981268	0	0.019	1	FUT8-AS1	c21
0.130106056486941	-2.07064844521955	0	0.026	1	AC009779.2	c21
0.323059935381559	-2.07045483359134	0	0.011	1	BTK	c21
0.106969837925513	-2.06996041349729	0	0.029	1	MTPAP	c21
2.68726297869173e-08	-2.06808379792684	0.012	0.294	0.000901254257793632	MRPS2	c21
6.06181011352470e-13	-2.06738320419556	0.023	0.442	2.03300987587392e-08	VAPA	c21
0.137666738896593	-2.06720172411044	0	0.025	1	EGLN2	c21
0.159892780823776	-2.06715214813699	0	0.022	1	RABL2B	c21
0.112308199539278	-2.06709068827483	0	0.029	1	MARCH2	c21
0.249096454898718	-2.06700742199268	0	0.015	1	IFNLR1	c21
0.191690090095991	-2.06667224310355	0	0.019	1	AC093249.6	c21
0.704526663801604	2.06663512906608	0.012	0.017	1	LINC00528	c21
0.169376553425495	-2.06651787986528	0	0.022	1	ZSWIM3	c21
0.161045409124118	-2.06565358908181	0	0.022	1	BMPR1A	c21
8.20769173619087e-05	-2.06557888489194	0.012	0.177	1	ATF1	c21
0.166948389463019	-2.0654643966326	0	0.022	1	FAM83G	c21
0.152074798532582	-2.06335827498071	0	0.023	1	CCDC71L	c21
0.14991907634564	-2.06269689172116	0	0.024	1	EPC2	c21
0.118759421392863	-2.06250373279815	0	0.028	1	NT5DC2	c21
0.411343826941853	2.06189962018428	0.012	0.026	1	HMGN5	c21
0.917738765816113	2.06150672691342	0.012	0.013	1	THAP9-AS1	c21
0.155372549532593	-2.06133671328047	0	0.023	1	ADAT2	c21
0.163378362503958	-2.06043993137573	0	0.022	1	ZNF16	c21
4.91413527225251e-05	-2.0603525090082	0.012	0.185	1	TIMELESS	c21
0.450750618816038	2.05960879078405	0.012	0.025	1	TENT4A	c21
5.10179665377005e-15	-2.05851606531861	0.035	0.509	1.7110405617414e-10	ANP32E	c21
0.194526682706418	-2.05610953452822	0	0.019	1	ZNF316	c21
0.229128317345313	-2.05606264766484	0	0.017	1	KANTR	c21
1.36997427645018e-07	-2.05589229325491	0.012	0.272	0.0045946197283586	SND1	c21
0.874542878977458	2.05556701106807	0.012	0.01	1	QSOX2	c21
9.91058828904153e-05	-2.05547456700123	0.012	0.174	1	MED29	c21
7.08997774085876e-07	-2.05546061699566	0.012	0.249	0.0237783673472921	AP2B1	c21
0.124730496904135	-2.05512960942702	0	0.027	1	FLVCR1	c21
1.17581182102208e-08	-2.05387744501709	0.012	0.305	0.000394343768534386	NSD1	c21
0.162207239987464	-2.05284031903842	0	0.022	1	MIPEP	c21
5.39028494816487e-05	-2.05275739888487	0.012	0.183	1	SETD5	c21
0.140623873255848	-2.0524156656758	0	0.025	1	IFT122	c21
0.152074798532582	-2.05124713976612	0	0.023	1	GPR19	c21
0.206361783403665	-2.05101225784665	0	0.018	1	ALCAM	c21
0.171844125156461	-2.05053686940236	0	0.021	1	STXBP1	c21
0.175621098910907	-2.04944705010625	0	0.021	1	P2RX5	c21
0.131953089856841	-2.04885809048736	0	0.026	1	VPS33A	c21
0.147796835870893	-2.04880562074175	0	0.024	1	SPATA2L	c21
0.126495243970763	-2.04879846169201	0	0.026	1	TIMM10B	c21
2.06023075154337e-15	-2.04744814872321	0.023	0.498	6.90960189452616e-11	SSR3	c21
6.59492724150985e-06	-2.04728707502976	0.012	0.216	0.221180669825757	SETX	c21
2.93407702496952e-12	-2.04661023884984	0.023	0.425	9.84030752634277e-08	MTCH2	c21
3.35693633337105e-05	-2.04620895162903	0.012	0.191	1	MCM2	c21
2.68798706315745e-07	-2.04556703301805	0.023	0.284	0.00901497101241745	RRBP1	c21
2.50589224695041e-10	-2.04511907281205	0.012	0.353	8.40426141782228e-06	AP1M1	c21
0.654297860391923	2.04488325314333	0.012	0.007	1	POLN	c21
0.164558867016091	-2.04420894546104	0	0.022	1	TAB3	c21
0.147796835870893	-2.04418406684112	0	0.024	1	L2HGDH	c21
3.46234658712944e-07	-2.04109650220026	0.012	0.26	0.0116120179839147	PLEKHF1	c21
3.13663358951781e-13	-2.03911115009356	0.035	0.469	1.05196417325248e-08	PRKDC	c21
0.547478395171499	2.03824842819278	0.012	0.021	1	AC013394.1	c21
0.158749267126939	-2.03609207929792	0	0.023	1	COL9A2	c21
0.123858081734359	-2.03579559386627	0	0.027	1	TRMT12	c21
5.00528721203014e-17	-2.03430673027259	0.023	0.532	1.67867322517067e-12	LAMTOR5	c21
0.076347923467407	-2.03387359983881	0	0.035	1	HPDL	c21
0.186156439140746	-2.03359571714272	0	0.02	1	ALG9	c21
0.134777077322642	-2.03348258754936	0	0.025	1	TMEM143	c21
0.198871574250783	-2.03336291755869	0	0.019	1	KDM8	c21
0.000378040899347708	-2.03253844535489	0.012	0.151	1	USP7	c21
2.71478330997482e-21	-2.03220347557357	0.035	0.632	9.10484026499354e-17	PTPN7	c21
2.46635244074927e-05	-2.03149906565337	0.012	0.196	0.82716528157849	PGP	c21
0.362826332098992	-2.03136101818975	0	0.01	1	AF165147.1	c21
0.174351891248071	-2.03126881013118	0	0.021	1	SLX4IP	c21
0.168157593869548	-2.03102603421617	0	0.022	1	GLI4	c21
0.197411106296027	-2.03098333073067	0	0.019	1	AL121748.1	c21
0.252945623542642	-2.03026303028566	0	0.015	1	ATP10A	c21
0.149919076376209	-2.03005790709694	0	0.024	1	DFFB	c21
0.108466954315853	-2.02906989701831	0	0.029	1	ENTPD3-AS1	c21
0.19028941781329	-2.02855855185029	0	0.02	1	PUS10	c21
0.336570766865367	-2.02615289828498	0	0.011	1	KIR3DL1	c21
0.182124547919712	-2.02609007060833	0	0.02	1	STAG3	c21
0.188900331688912	-2.02470067281348	0	0.02	1	ZNF552	c21
0.122132880298287	-2.02436266969582	0	0.027	1	HOMER2	c21
0.173092933924196	-2.02427699155338	0	0.021	1	CAPN10-DT	c21
2.61088104562849e-15	-2.02407471321876	0.035	0.516	8.75637285082883e-11	SF3B1	c21
1.57328997363924e-07	-2.02379391162605	0.012	0.271	0.00527649991359128	EIF4EBP1	c21
0.23261416201504	-2.02267891968618	0	0.016	1	ZFP30	c21
0.209448111705202	-2.02242993164845	0	0.018	1	SPNS3	c21
4.7059356230865e-09	-2.02226072034221	0.012	0.317	0.000157827668927075	DCK	c21
0.0899959691795095	-2.02119343587195	0	0.032	1	NAIF1	c21
0.180802514520106	-2.02104310952236	0	0.02	1	USP40	c21
0.245317027165162	-2.02049371524664	0	0.015	1	C7orf31	c21
0.182124547881771	-2.02024658062731	0	0.02	1	RAI1	c21
0.207898359991981	-2.02006495001228	0	0.018	1	OVCH1-AS1	c21
0.286477074891868	-2.0194131147296	0	0.013	1	PPP1R3B	c21
9.44308251655726e-12	-2.01919603537421	0.023	0.412	3.16702101440297e-07	C19orf70	c21
0.191690090136191	-2.01871981771372	0	0.019	1	LINC01146	c21
6.13451530807869e-05	-2.01834839728753	0.012	0.181	1	IRF4	c21
0.531671957273666	2.01818865515367	0.012	0.022	1	CCDC150	c21
0.00518126524681028	-2.01447111312459	0.012	0.105	1	LPP	c21
0.12213288032276	-2.01287825049304	0	0.027	1	AP005482.1	c21
0.178190678564449	-2.01285215643899	0	0.021	1	SERPINH1	c21
0.182124547919712	-2.01183400543407	0	0.02	1	BRPF3	c21
0.193102470554715	-2.01138064299535	0	0.019	1	KRBA2	c21
5.31359384840976e-17	-2.01103600964481	0.058	0.592	1.78207310487967e-12	SEPT1	c21
0.191690090095991	-2.01089122276618	0	0.019	1	ZC3H10	c21
0.307755471736708	-2.01046548156351	0	0.012	1	IL18BP	c21
0.176900659824647	-2.01023805219083	0	0.021	1	CRIP2	c21
0.601590609941031	2.00972851306132	0.035	0.049	1	DHX37	c21
0.139630551262019	-2.00964744776278	0	0.025	1	NEFH	c21
1.6798476950341e-12	-2.00964222712578	0.035	0.452	5.63387319960535e-08	ARHGAP30	c21
0.103322260327893	-2.00963732349492	0	0.03	1	ZFP57	c21
0.112308199584023	-2.0093374324005	0	0.029	1	BTBD6	c21
2.07012831436435e-07	-2.00754972859364	0.012	0.267	0.00694279634071516	AHCY	c21
0.193102470554715	-2.00665582708653	0	0.019	1	KANK1	c21
0.563451488009107	2.00602517268943	0.012	0.021	1	C14orf93	c21
0.288748558130288	-2.00564948374197	0	0.013	1	TBC1D32	c21
5.12399151907263e-07	-2.00561012112567	0.012	0.254	0.0171848427566658	CCNG1	c21
1.47012750703854e-05	-2.00526200928909	0.012	0.204	0.493051363310587	E2F2	c21
0.417178482526603	2.00510256348895	0.012	0.026	1	AP002495.2	c21
6.3345513375285e-17	-2.00491568509868	0.035	0.552	2.12448182758031e-12	GTF2A2	c21
0.131953089856841	-2.00470665356015	0	0.026	1	RBKS	c21
0.191690090136191	-2.00453228099401	0	0.019	1	PRDM15	c21
0.925110936029985	2.00269205796713	0.012	0.013	1	BAZ2B	c21
0.156489236729106	-2.00213332985404	0	0.023	1	PRR29-AS1	c21
0.098435516774925	-2.00212103630861	0	0.031	1	IFT46	c21
0.118759421321617	-2.00174689023536	0	0.028	1	NMNAT1	c21
0.118759421392863	-2.00162220105019	0	0.028	1	PCOLCE	c21
8.18040787936382e-06	-2.00108784465739	0.012	0.213	0.274354519458104	CD68	c21
0.225703544539646	-2.00035905642425	0	0.017	1	MSANTD2	c21
0.00432724718145478	-1.9992458349567	0.023	0.128	1	TRAV1-2	c21
2.94925229089734e-15	-1.99870114782451	0.023	0.494	9.8912023332115e-11	VPS28	c21
0.940073868096357	1.99847170508152	0.012	0.013	1	THY1	c21
0.198871574208864	-1.99776632629233	0	0.019	1	AC093010.2	c21
0.186156439140746	-1.99745080673937	0	0.02	1	SDCBP2-AS1	c21
0.143650343113095	-1.99712637138538	0	0.024	1	TAF5L	c21
0.220677831432145	-1.99694546388879	0	0.017	1	ZNF787	c21
1.5587811827629e-13	-1.99561134415892	0.035	0.476	5.22784033075022e-09	SH3KBP1	c21
0.124730496904135	-1.99527670402898	0	0.027	1	PROB1	c21
2.13237090793652e-08	-1.99458498000377	0.023	0.318	0.00071515455510375	CCNB1	c21
1.29199795624424e-05	-1.9945826811293	0.012	0.206	0.433310274565193	C1orf123	c21
9.21229093999481e-09	-1.99422309721311	0.012	0.308	0.000308961813545546	PSMA1	c21
0.000357628550302358	-1.99321981937125	0.012	0.152	1	CCSER2	c21
0.146748077556387	-1.99268147701258	0	0.024	1	EVA1C	c21
0.088158678160456	-1.9911632009635	0	0.033	1	AVEN	c21
0.195962852127923	-1.99052700868639	0	0.019	1	SLC19A2	c21
0.135732913177507	-1.98968093039962	0	0.025	1	NLN	c21
0.134777077349861	-1.98965478013673	0	0.025	1	TWNK	c21
0.1553725495008	-1.98949038073209	0	0.023	1	ZNF362	c21
0.150992713043703	-1.98904894047895	0	0.023	1	PPP1R16A	c21
6.97898769986207e-23	-1.98830229142178	0.047	0.682	2.34061289477974e-18	CCNI	c21
1.52994528627166e-08	-1.98761754867298	0.012	0.302	0.000513113050109789	CASP4	c21
0.27117898123799	-1.98693167591031	0	0.014	1	AL353708.3	c21
0.171844125120911	-1.98677862240787	0	0.021	1	HIC2	c21
0.179491260958132	-1.98630542060685	0	0.021	1	ZNF273	c21
6.03538424199605e-11	-1.98622133323918	0.023	0.391	2.02414716708063e-06	MCM3	c21
1.13341915371869e-14	-1.98553438042763	0.035	0.502	3.80126115774175e-10	RHOF	c21
2.58397761334926e-10	-1.98481131637124	0.023	0.374	8.66614411965076e-06	TNF	c21
0.254896910945444	-1.98472977172882	0	0.015	1	TRGV7	c21
0.149919076315071	-1.98427264311344	0	0.024	1	CBX4	c21
1.50007404283793e-10	-1.98149126574173	0.012	0.359	5.03094832486986e-06	AK2	c21
0.227408385989127	-1.98069815079784	0	0.017	1	LIPT1	c21
0.158749267126939	-1.97980623203389	0	0.023	1	CLEC11A	c21
0.217399686188765	-1.97775334223449	0	0.017	1	HLCS	c21
0.245317027165162	-1.97746035885646	0	0.015	1	ZNF10	c21
0.103322260327893	-1.97720707218989	0	0.03	1	BPHL	c21
0.161045409157195	-1.97719806891694	0	0.022	1	KBTBD6	c21
0.165748845177462	-1.97433120997962	0	0.022	1	ZNF605	c21
0.00174874005930524	-1.9740259020078	0.012	0.125	1	MKL1	c21
0.215781823208715	-1.97234352611486	0	0.018	1	ANKHD1	c21
0.593422157757661	1.97185839791964	0.012	0.02	1	SLC38A7	c21
0.593422157790102	1.97075333096212	0.012	0.02	1	C1orf54	c21
4.30987177428929e-06	-1.97045684366614	0.012	0.223	0.144544479566114	IWS1	c21
0.152074798532582	-1.97009564960351	0	0.023	1	TMCC1	c21
0.183457471608322	-1.96910236664922	0	0.02	1	CEP162	c21
0.207898359991981	-1.96872690089578	0	0.018	1	MAP3K12	c21
6.2067437533807e-07	-1.96742031479375	0.023	0.272	0.0208161772000882	BIRC3	c21
0.0887666953576993	-1.96725309142778	0	0.033	1	CETN2	c21
9.09286254535162e-14	-1.96723358491554	0.023	0.461	3.04956424046003e-09	EIF4H	c21
0.14991907634564	-1.96710901041755	0	0.024	1	ZSCAN26	c21
0.125609531624775	-1.9663431353179	0	0.027	1	AC008915.2	c21
0.62047616005814	1.96575838960299	0.012	0.019	1	ZNF197	c21
0.336570766944669	-1.96482578417525	0	0.011	1	LINC00243	c21
0.279794055106982	-1.96476570638467	0	0.013	1	CDHR3	c21
2.50061406179157e-11	-1.96338084491662	0.012	0.379	8.38655944043656e-07	COA3	c21
0.719281484488172	1.96330661652461	0.047	0.058	1	PPP1R12C	c21
0.225703544491136	-1.96323776756363	0	0.017	1	PLXNA3	c21
0.179491261032784	-1.96281083207738	0	0.021	1	SPECC1	c21
0.173092933924196	-1.96230822414995	0	0.021	1	NEK3	c21
0.19028941781329	-1.9622694716999	0	0.02	1	CCDC106	c21
0.302859794907425	-1.96162834184727	0	0.012	1	LINC02256	c21
3.1294478523322e-18	-1.95830763696789	0.047	0.598	1.04955422071517e-13	ACAP1	c21
5.27449195497925e-17	-1.95786215531772	0.035	0.554	1.76895911186094e-12	POLR2L	c21
0.13102605287716	-1.95757742400321	0	0.026	1	TMEM200A	c21
1.89665145958817e-07	-1.95658447469107	0.012	0.268	0.0063609896651668	NIPA2	c21
0.404485333999885	1.95650541112492	0.023	0.042	1	BTRC	c21
1.05225560755059e-05	-1.95488493706874	0.012	0.209	0.352905485660318	ZNF22	c21
0.00102347194626334	-1.95337200482361	0.012	0.134	1	NUP93	c21
2.10840790535966e-19	-1.95330349683172	0.105	0.708	7.07117843299521e-15	NCL	c21
0.13288723038605	-1.95278397655063	0	0.026	1	ZNF530	c21
0.126495243996178	-1.95146256636643	0	0.026	1	PSTK	c21
0.200344387213029	-1.95143073288933	0	0.019	1	POLR3B	c21
1.75768058292544e-09	-1.95108559154914	0.012	0.329	5.89490913901533e-05	PPP1R7	c21
1.93144063467899e-10	-1.95089676681858	0.023	0.378	6.47766560058638e-06	ANAPC5	c21
4.38961485830675e-08	-1.95022155192629	0.012	0.288	0.00147218903117892	BTF3L4	c21
0.141624898798905	-1.95011859814822	0	0.025	1	TRAF3IP2-AS1	c21
0.163378362503958	-1.94978147536709	0	0.022	1	EDARADD	c21
0.173092933888357	-1.94959170301483	0	0.021	1	FBXW4	c21
0.211011184386171	-1.94935727123342	0	0.018	1	AK9	c21
0.236162533098555	-1.94874548442737	0	0.016	1	PTPDC1	c21
0.234380438967835	-1.94830863140105	0	0.016	1	PGAP3	c21
4.8419647199062e-08	-1.94816090592429	0.023	0.308	0.00162389812776214	UBA1	c21
0.180802514520106	-1.9470640890507	0	0.02	1	PM20D2	c21
1.67249169868125e-15	-1.94692673298852	0.035	0.521	5.60920265903718e-11	GLRX	c21
0.15648923669706	-1.94672346963779	0	0.023	1	SLC12A4	c21
1.74904678579305e-15	-1.94622105540637	0.047	0.543	5.86595311019274e-11	STIP1	c21
0.247198131474964	-1.94613591548091	0	0.015	1	LINC01684	c21
2.05219478605364e-26	-1.94578246374997	0.302	0.89	6.88265087346671e-22	CORO1A	c21
0.000309978459652027	-1.94576930122544	0.012	0.155	1	DHX38	c21
0.219031635426	-1.94569714393275	0	0.017	1	AFG1L	c21
1.93710734499664e-06	-1.94543363683232	0.012	0.235	0.0649667061364974	RELA	c21
4.40693913929509e-09	-1.94540942973933	0.023	0.339	0.000147799924853679	GATA3	c21
2.01775023074955e-06	-1.9443303533159	0.012	0.234	0.0676713072388782	NTAN1	c21
1.79551995184795e-05	-1.94414921330935	0.012	0.201	0.602181481450766	UPF3B	c21
0.117110287222732	-1.94338623816614	0	0.028	1	FAM89A	c21
0.153165412507499	-1.94326285420417	0	0.023	1	CAMSAP1	c21
1.16849852908502e-06	-1.9426907279363	0.012	0.242	0.0391891036684533	KIFC1	c21
0.225703544539646	-1.94250650124401	0	0.017	1	ZNF181	c21
1.01046028198978e-06	-1.94234477457746	0.023	0.266	0.0338888169373732	NSD2	c21
0.137666738896593	-1.94217050972333	0	0.025	1	LETM2	c21
2.80652286257475e-05	-1.94134866533822	0.012	0.194	0.941251637650321	COMMD2	c21
0.00057459386567539	-1.94116293763618	0.012	0.144	1	ARHGAP10	c21
0.347916723856428	-1.94032142494278	0	0.01	1	PLEKHG1	c21
0.2608603266199	-1.93997923494406	0	0.014	1	SIPA1L3	c21
0.209448111660719	-1.93889696291708	0	0.018	1	TMSB15B	c21
0.1366961114719	-1.93877860553391	0	0.025	1	OGFRL1	c21
9.30028665304328e-15	-1.93818354115109	0.047	0.525	3.11913013769765e-10	RNF149	c21
7.77666366010607e-18	-1.93786520672654	0.047	0.591	2.60813745832637e-13	SLC9A3R1	c21
0.000107348311436226	-1.93782024565356	0.012	0.172	1	MICU2	c21
0.254896910889421	-1.93778383262091	0	0.015	1	C8orf44	c21
0.450750618816038	1.93639734857579	0.012	0.025	1	ZNF587	c21
0.543388094156491	1.93599393664741	0.012	0.021	1	ZNF599	c21
1.26045483028858e-09	-1.93564373815226	0.023	0.355	4.22731340982184e-05	CAPRIN1	c21
0.260860326562295	-1.93562670160202	0	0.014	1	SND1-IT1	c21
0.158749267094383	-1.93513411818492	0	0.023	1	ACSF2	c21
4.2411500331935e-10	-1.93317479467104	0.012	0.346	1.42239689813244e-05	SAR1B	c21
2.02677115909608e-05	-1.93241642216474	0.012	0.199	0.679738511337644	PCGF5	c21
0.243452930865822	-1.93202514349189	0	0.016	1	FRS2	c21
5.81009889353867e-10	-1.93175801406385	0.012	0.343	1.948590966915e-05	TRAPPC2L	c21
0.164558867083846	-1.93073919633454	0	0.022	1	TM6SF1	c21
0.251012212647478	-1.93017210281575	0	0.015	1	KLF8	c21
0.111528508074079	-1.92984862198009	0	0.029	1	DNAAF5	c21
0.140623873312855	-1.92965728789719	0	0.025	1	RAB20	c21
0.336070601557965	1.92930535893688	0.012	0.03	1	TSTD2	c21
0.149919076376209	-1.92927268004495	0	0.024	1	MYL5	c21
8.60134169506925e-05	-1.92920376170722	0.012	0.176	1	LINC00649	c21
1.53433387686037e-11	-1.92847011260651	0.023	0.407	5.1458489562143e-07	PSMB4	c21
0.225703544539646	-1.92841333203184	0	0.017	1	BCORL1	c21
3.68944605789853e-19	-1.92832108846386	0.081	0.674	1.23736641889801e-14	CDC42	c21
6.09735583252719e-05	-1.92830975844409	0.012	0.182	1	TGS1	c21
0.260860326562295	-1.92825281128896	0	0.014	1	RHPN1	c21
0.256866301927026	-1.92824590828953	0	0.015	1	AC079922.2	c21
0.230863515997362	-1.9270710647223	0	0.016	1	ZNF570	c21
5.37909028548709e-07	-1.92634106249896	0.012	0.253	0.0180403929994666	PWP1	c21
1.57434962614458e-10	-1.92567538097293	0.023	0.38	5.28005377616371e-06	MLX	c21
0.127387692864755	-1.92528442450048	0	0.026	1	ASB9	c21
0.473918667799959	1.92522766441327	0.012	0.024	1	STXBP5	c21
0.461939586040292	1.92489200934765	0.035	0.055	1	PLEKHM2	c21
0.964410714790744	1.92452979500671	0.012	0.011	1	PROCA1	c21
1.18077823663722e-08	-1.92447699376167	0.012	0.305	0.000396009405003389	G6PD	c21
0.000176702979952764	-1.92412092641333	0.012	0.164	1	BORCS5	c21
8.47621899701837e-09	-1.92396657948313	0.012	0.309	0.000284275432722002	PTPN2	c21
0.198871574208864	-1.92340073246457	0	0.019	1	TRIM68	c21
5.39358614573822e-11	-1.9227977917002	0.023	0.392	1.80890092155769e-06	MAP1LC3B	c21
0.840844330276294	1.9222466592681	0.012	0.014	1	SUMO4	c21
0.23086351594755	-1.92201412542328	0	0.016	1	CA11	c21
0.547478395171499	1.92002819911631	0.012	0.021	1	CNNM3	c21
7.45701838282018e-07	-1.91977731154316	0.023	0.27	0.0250093482523023	DGKA	c21
0.1364626982989	-1.9195139729645	0.012	0.045	1	NELL2	c21
1.49310382223845e-08	-1.91930655178801	0.023	0.324	0.000500757159902332	ACIN1	c21
2.58335469649091e-05	-1.91873822323078	0.012	0.195	0.866405498109121	AASDHPPT	c21
0.000763656566551165	-1.91853395216221	0.012	0.139	1	EIF2D	c21
0.237960634618446	-1.91800026940039	0	0.016	1	PLEKHN1	c21
0.193102470554715	-1.91750898566865	0	0.019	1	KBTBD8	c21
0.27117898123799	-1.91664034466962	0	0.014	1	AC005224.3	c21
2.59171932936975e-12	-1.91647582931056	0.035	0.448	8.69210828684028e-08	NAP1L4	c21
0.19028941781329	-1.9161821328073	0	0.02	1	EXTL3	c21
1.58474641145075e-14	-1.91615099375728	0.035	0.5	5.31492251472351e-10	VASP	c21
0.122132880273813	-1.91508758785862	0	0.027	1	AL392172.1	c21
4.55032720055282e-07	-1.91486551272879	0.012	0.256	0.0152608873652141	ERCC1	c21
0.134777077349861	-1.91475397783862	0	0.025	1	ARHGAP19	c21
0.19028941781329	-1.91436043358095	0	0.02	1	C17orf67	c21
0.171844125120911	-1.91342494952882	0	0.021	1	DCAF4	c21
2.31163720326954e-14	-1.91314803921281	0.035	0.496	7.75276885232538e-10	PSAP	c21
3.34157014021922e-05	-1.91279244726029	0.012	0.191	1	OSGEP	c21
1.15215251974709e-06	-1.9125101447692	0.012	0.242	0.038640891207278	SREK1	c21
0.0003161993336911	-1.90840457872245	0.012	0.154	1	AFF4	c21
3.49844338424376e-12	-1.90682726774708	0.035	0.445	1.17330794220767e-07	DCXR	c21
0.104765194690548	-1.90546630115167	0	0.03	1	LINC00467	c21
3.78736274924669e-17	-1.90421749032454	0.047	0.578	1.27020571884235e-12	SNRPD3	c21
8.03006845511715e-11	-1.90404002453018	0.023	0.388	2.69312435847719e-06	MCM5	c21
7.8842293035666e-06	-1.90376191143227	0.023	0.234	0.264421282383016	SPG7	c21
0.266993080491976	-1.90373399137251	0	0.014	1	C20orf194	c21
0.513002529143757	1.90356345899629	0.012	0.022	1	ZFP62	c21
0.323059935456748	-1.90327126993032	0	0.011	1	SUCLG2-AS1	c21
3.04971487770749e-08	-1.90318229993654	0.012	0.293	0.00102281337568554	TAOK3	c21
0.000374631885298629	-1.90312164882435	0.012	0.152	1	NDRG3	c21
0.000156394085087116	-1.90278193156833	0.012	0.166	1	CTNNA1	c21
0.188900331688912	-1.90228176093103	0	0.02	1	STARD5	c21
0.220677831337637	-1.90224713488502	0	0.017	1	EFCAB7	c21
1.40981329458643e-08	-1.90163136130422	0.012	0.303	0.000472823182738397	GLUD1	c21
0.964410714790744	1.90018938842266	0.012	0.011	1	FAM184A	c21
7.95488659256651e-15	-1.89913794942299	0.023	0.485	2.66790986541496e-10	SLTM	c21
0.161045409024886	-1.89853213777745	0	0.022	1	ZNF184	c21
2.43436604564446e-07	-1.89837194738609	0.012	0.265	0.00816437684388239	PSMG3	c21
2.01079364111646e-13	-1.89833017288349	0.023	0.453	6.74379971357638e-09	TMED10	c21
0.182124547881771	-1.89804713128849	0	0.02	1	SEMA4B	c21
0.148853809867703	-1.89757608644641	0	0.024	1	ZMYND19	c21
0.258854028558197	-1.89737961818532	0	0.015	1	THBS1	c21
0.227408385940187	-1.89717696216161	0	0.017	1	CRTC1	c21
0.19028941781329	-1.89693390167245	0	0.02	1	B4GALNT3	c21
1.32058116863372e-06	-1.89614254885251	0.012	0.24	0.0442896512336378	TMEM70	c21
0.209448111705202	-1.89603449273162	0	0.018	1	SOWAHD	c21
0.168157593869548	-1.89548370548953	0	0.022	1	C14orf28	c21
1.15491525613873e-10	-1.89520422149865	0.023	0.384	3.87335478603807e-06	COPZ1	c21
0.152074798470479	-1.8948868236881	0	0.023	1	AL136454.1	c21
0.269076119282885	-1.8944158000973	0	0.014	1	AC015982.1	c21
0.188900331649373	-1.89426966055929	0	0.02	1	SULT1A1	c21
0.170605364663633	-1.89418357921168	0	0.021	1	TMEM164	c21
0.000184490218431538	-1.89355947897264	0.012	0.163	1	KPNA6	c21
0.331079829460198	-1.89252692511331	0	0.011	1	PRPF40B	c21
0.26288543691283	-1.8923800160642	0	0.014	1	HIP1	c21
0.188900331688912	-1.8922296778483	0	0.02	1	ME1	c21
0.742958345275997	1.89199107358335	0.012	0.016	1	ZNF865	c21
0.134777077295424	-1.89139030127354	0	0.025	1	FKBP1B	c21
0.158749267126939	-1.89066068265304	0	0.023	1	ABCD1	c21
0.000104605094826867	-1.89046372602193	0.012	0.173	1	SLC35C2	c21
0.232614162065296	-1.88763263837832	0	0.016	1	SLC35A3	c21
2.42454564607225e-05	-1.88707696472642	0.012	0.196	0.813144118779711	RASGRP1	c21
0.18752271157238	-1.88643991778585	0	0.02	1	ABL2	c21
0.183457471608322	-1.88636603814085	0	0.02	1	AL121832.2	c21
0.277609189654283	-1.88581494124361	0	0.014	1	MCF2L2	c21
0.113885087325983	-1.88519382799918	0	0.028	1	NAT1	c21
8.38424229806369e-06	-1.88383633754119	0.012	0.213	0.28119071819246	TPST2	c21
0.141624898741455	-1.88332482153467	0	0.025	1	CNBD2	c21
1.55274549406799e-07	-1.8832440232426	0.023	0.292	0.00520759783800521	SPSB3	c21
0.243452930865822	-1.88293007644252	0	0.016	1	ELMO3	c21
1.48582838487593e-06	-1.88284052581387	0.012	0.239	0.0498317123719688	ZPR1	c21
0.209448111705202	-1.88279271321443	0	0.018	1	PHLPP1	c21
1.31133397173848e-14	-1.88254864904708	0.035	0.502	4.39795187441653e-10	UBXN4	c21
0.174351891248071	-1.88220250673244	0	0.021	1	ZSCAN21	c21
0.000230307275554497	-1.88180661577714	0.012	0.16	1	RARS	c21
0.230863515897738	-1.88115891909268	0	0.016	1	ZNF14	c21
5.25077739700897e-08	-1.8809565377369	0.012	0.285	0.00176100572340887	BECN1	c21
0.152074798532582	-1.87992812160196	0	0.023	1	DHX34	c21
0.182124547919712	-1.87989481038473	0	0.02	1	ANKEF1	c21
0.152074798563634	-1.87833757085192	0	0.023	1	C17orf51	c21
2.86400388844128e-09	-1.87760500127029	0.012	0.323	9.60529624105436e-05	SMAP1	c21
0.092508474960618	-1.87752268420496	0	0.032	1	RAC3	c21
0.00752509171303331	-1.87671663406129	0.012	0.099	1	CC2D1A	c21
0.197411106212892	-1.87661939684947	0	0.019	1	OTUD3	c21
0.143650343083921	-1.87644504907668	0	0.024	1	RPP40	c21
0.258854028501126	-1.87618574995714	0	0.015	1	TET3	c21
0.375538203321302	1.87592490316143	0.012	0.028	1	ZFP14	c21
0.254896910945444	-1.87567247781289	0	0.015	1	ZDBF2	c21
7.01329858495689e-11	-1.87476025880958	0.012	0.368	2.35212007942284e-06	CHCHD1	c21
5.22372956126453e-15	-1.87374196632176	0.047	0.534	1.7519344202569e-10	ELOC	c21
0.000178981391552323	-1.87349715960264	0.012	0.164	1	PLEK	c21
0.146748077586249	-1.87312549993159	0	0.024	1	QPRT	c21
1.80822509576169e-07	-1.87161910727439	0.012	0.269	0.00606442532616555	TMEM126B	c21
7.03600429602254e-22	-1.87141342513266	0.163	0.824	2.35973512080004e-17	UBC	c21
5.3998238841412e-10	-1.87125353978862	0.047	0.405	1.81099293426327e-05	SLC5A3	c21
2.97882062484954e-12	-1.87086063962971	0.035	0.443	9.9903686116204e-08	GBP2	c21
0.155372549532593	-1.87068935343739	0	0.023	1	C20orf96	c21
0.24160563520872	-1.87066880813612	0	0.016	1	POC1B-AS1	c21
1.82703850362944e-06	-1.86931340074751	0.012	0.236	0.0612752173347242	CLPTM1	c21
0.171844125156461	-1.86914349432208	0	0.021	1	PTCD2	c21
0.182124547919712	-1.86895079551245	0	0.02	1	LIN7B	c21
3.64054229581344e-11	-1.86880210482913	0.023	0.397	1.22096507516991e-06	NECAP2	c21
0.0937922907892927	-1.86803508584512	0	0.032	1	MORN2	c21
0.286477075021062	-1.86797178539157	0	0.013	1	MYO1D	c21
6.504226141987e-07	-1.8678667793318	0.012	0.251	0.021813873634996	GTSE1	c21
0.15761478105595	-1.86786529214914	0	0.023	1	B3GALT6	c21
3.80800724477126e-15	-1.86673658139065	0.047	0.535	1.27712946975139e-10	EIF5	c21
0.214177888451538	-1.86571783380856	0	0.018	1	WASF1	c21
6.91928128493273e-16	-1.86569074265023	0.047	0.552	2.32058855734074e-11	NDUFS7	c21
0.142633698212243	-1.86538694151554	0	0.024	1	SLAIN1	c21
3.03397570102604e-15	-1.86487289207746	0.023	0.495	1.01753477061011e-10	HAX1	c21
1.07316735150405e-08	-1.86439443996453	0.012	0.306	0.000359918866347429	EXOSC8	c21
0.78967918446315	1.86406154809487	0.012	0.015	1	BX255925.3	c21
3.0528219650887e-14	-1.86394129056325	0.047	0.513	1.02385543065145e-09	RAD21	c21
0.222338437251883	-1.86378144605111	0	0.017	1	ASPH	c21
0.149919076315071	-1.86316138716152	0	0.024	1	KRT7	c21
9.24847877623841e-07	-1.86306095722305	0.012	0.246	0.0310175481197484	DHX30	c21
0.14674807761611	-1.86244245758339	0	0.024	1	ABL1	c21
0.188900331688912	-1.86237231169964	0	0.02	1	DDX51	c21
0.195962852169143	-1.86148504218209	0	0.019	1	ZBTB5	c21
1.41890191451125e-09	-1.86114724873838	0.035	0.374	4.75871324088785e-05	DYNC1H1	c21
0.158749267094383	-1.86065411520559	0	0.023	1	AC090517.4	c21
0.520470998245679	1.8603352223235	0.012	0.022	1	PKD1	c21
3.51410053953402e-15	-1.85925290278354	0.035	0.515	1.17855903894892e-10	PSMD7	c21
0.0018696237309913	-1.85921857395245	0.012	0.124	1	IREB2	c21
0.135732913204935	-1.85878573086362	0	0.025	1	ACY1	c21
2.95283233967465e-06	-1.857740364223	0.012	0.229	0.0990320910080084	API5	c21
0.33021839952602	1.85716625271203	0.023	0.047	1	C2orf42	c21
0.227408385989127	-1.85693283839625	0	0.017	1	SWT1	c21
2.09415447740468e-17	-1.85641889433053	0.07	0.624	7.0233752863198e-13	RBM8A	c21
0.149919076284502	-1.8560217445189	0	0.024	1	PEX5	c21
0.266993080551225	-1.85577739582718	0	0.014	1	ZNF566	c21
5.45638408392371e-12	-1.85540116937194	0.023	0.418	1.82996209406634e-07	PIH1D1	c21
0.234380438967835	-1.85539133648226	0	0.016	1	FAM241B	c21
0.139630551233734	-1.85538537353711	0	0.025	1	APBA1	c21
0.284227700336559	-1.85531241563533	0	0.013	1	CPNE8	c21
0.191690090136191	-1.85437439084716	0	0.019	1	SLC25A42	c21
4.00685172591579e-11	-1.85406088536507	0.023	0.396	1.34381793183764e-06	UBA2	c21
0.710040799809053	1.85397919356007	0.012	0.017	1	ZFAT	c21
0.206361783316205	-1.85344535186792	0	0.018	1	LINC01572	c21
0.227408385940187	-1.8528675734121	0	0.017	1	TKTL1	c21
0.23261416201504	-1.85198762503917	0	0.016	1	PIK3R3	c21
0.200344387255302	-1.85085296213724	0	0.019	1	AC007952.4	c21
2.35358473966938e-07	-1.8507441198279	0.023	0.287	0.00789345249990318	GNPTAB	c21
1.07567885701745e-18	-1.85066269699272	0.058	0.628	3.60761175066513e-14	P4HB	c21
0.512889329389391	1.85037839387355	0.012	0.022	1	MBTPS2	c21
0.362688023303928	1.84944092501437	0.012	0.028	1	ZNF341	c21
0.183457471570068	-1.84941727610503	0	0.02	1	ADO	c21
0.155372549532593	-1.84844401054142	0	0.023	1	FBXO30	c21
0.175621098910907	-1.84701018790155	0	0.021	1	GPD2	c21
0.252945623598151	-1.84688257168184	0	0.015	1	LRRC37B	c21
0.315288962988528	-1.84673682618876	0	0.012	1	PTGIR	c21
7.59835616196119e-08	-1.8461714075474	0.012	0.28	0.00254833668959855	STX10	c21
2.12239975904966e-05	-1.84595427085243	0.012	0.198	0.711810431190076	AIMP2	c21
0.331079829460198	-1.84581929387737	0	0.011	1	NAPSA	c21
0.220677831432145	-1.84562555033275	0	0.017	1	TLE1	c21
0.24160563520872	-1.84492726713851	0	0.016	1	TBC1D19	c21
3.35982494817518e-05	-1.84412884255985	0.012	0.191	1	NARS	c21
0.258854028558197	-1.84396234222431	0	0.015	1	AL627171.1	c21
4.00879202902626e-08	-1.84365703594696	0.023	0.31	0.00134446867069483	SMARCA5	c21
0.178190678601471	-1.84364585431498	0	0.021	1	MAFK	c21
2.98604253027854e-13	-1.84318238406979	0.047	0.49	1.00145894380482e-08	PNP	c21
0.169376553460477	-1.8431107701581	0	0.022	1	MAMSTR	c21
4.89749627852602e-08	-1.84125091073169	0.012	0.286	0.00164252230189206	SYPL1	c21
3.23815916145913e-13	-1.84045002621125	0.035	0.469	1.08601381957016e-08	PGD	c21
0.209448111660719	-1.83984268886768	0	0.018	1	AC068338.2	c21
1.08663645879204e-06	-1.83941583014379	0.012	0.243	0.0364436135549673	JUN	c21
9.47970503852864e-06	-1.83922085934443	0.012	0.211	0.317930347582174	USP4	c21
5.03953687705659e-09	-1.83790352000652	0.012	0.316	0.000169015987782724	ATP6V0E2	c21
4.80622762663422e-08	-1.83780463346793	0.023	0.308	0.00161191262142059	RAB18	c21
1.25863233781436e-06	-1.83771106288094	0.012	0.241	0.042212011345618	PNKP	c21
0.27544524268799	-1.8376124719352	0	0.014	1	TXNDC16	c21
0.179491260958132	-1.83724455223646	0	0.021	1	MMAA	c21
0.146748077586249	-1.83465552784121	0	0.024	1	PMF1	c21
5.63941771211342e-10	-1.83375591517962	0.023	0.365	1.8913479122886e-05	CTSA	c21
6.64858208734912e-12	-1.83281744189217	0.035	0.438	2.22980146045515e-07	NASP	c21
0.765401634876987	1.83272517719298	0.012	0.009	1	ZMAT1	c21
3.74596269879554e-13	-1.83241166599469	0.035	0.467	1.25632096992205e-08	IKZF1	c21
0.145707459198311	-1.8316649112324	0	0.024	1	FXN	c21
6.36809749296571e-06	-1.83054944919055	0.023	0.239	0.213573253719084	ERLEC1	c21
0.219031635426	-1.82871848062715	0	0.017	1	SOX4	c21
0.771895928488819	1.8282063313807	0.012	0.016	1	ZBTB21	c21
0.113093709496692	-1.82777918684613	0	0.028	1	EID2	c21
0.24160563520872	-1.82744499267023	0	0.016	1	SMURF2	c21
3.61909334685745e-10	-1.82693634092695	0.023	0.371	1.21377152666905e-05	PTMS	c21
0.643171513798872	1.82668188257703	0.012	0.019	1	FAM160A2	c21
1.06522872745866e-08	-1.82666209606375	0.012	0.306	0.000357256410615085	SYF2	c21
6.10779601145222e-10	-1.82610537764266	0.023	0.364	2.04843262632085e-05	SMARCB1	c21
1.03491467405099e-09	-1.8258804325204	0.012	0.336	3.4708968338322e-05	GRPEL1	c21
3.70022897111306e-06	-1.82555227262919	0.023	0.247	0.12409827923319	PFKP	c21
0.790492042375199	1.82445809535584	0.012	0.015	1	RBAK	c21
0.200344387255302	-1.82347271616256	0	0.019	1	AC005332.5	c21
0.219031635472845	-1.8230659791273	0	0.017	1	AC060780.1	c21
0.323059935456748	-1.82281605803882	0	0.011	1	ZNF783	c21
0.166948389463019	-1.8223909600457	0	0.022	1	AL139384.1	c21
0.284227700400528	-1.82134999145155	0	0.013	1	ACAD11	c21
0.219031635472845	-1.82014978955671	0	0.017	1	IFFO2	c21
0.00029266961136815	-1.81951899695636	0.012	0.156	1	SLC4A7	c21
0.24160563520872	-1.81916504564666	0	0.016	1	ATP6V0E2-AS1	c21
2.50077139302341e-08	-1.81915920938044	0.023	0.317	0.00083870870979219	AATF	c21
1.58505768923569e-18	-1.81797331584956	0.07	0.646	5.31596647815866e-14	SERBP1	c21
5.90192065565413e-10	-1.81641655844992	0.035	0.384	1.97938614949328e-05	ARHGAP15	c21
0.329912238945643	1.8158273379928	0.023	0.047	1	C5orf63	c21
1.13888748170941e-08	-1.81557920848273	0.012	0.306	0.000381960083615703	CDKN3	c21
0.000299460204684363	-1.81553688769066	0.012	0.155	1	LARP1	c21
0.204838238210473	-1.81511664689151	0	0.018	1	NEO1	c21
8.59554074236579e-06	-1.81504910311702	0.012	0.212	0.288277245417464	ZDHHC3	c21
0.115485647662291	-1.8149916680781	0	0.028	1	KIF9	c21
5.58602170305986e-06	-1.81471996020506	0.012	0.219	0.187343995877222	SNAP23	c21
0.251012212647478	-1.81401884501524	0	0.015	1	LIPC	c21
0.169376553460477	-1.81399480291995	0	0.022	1	SBF2-AS1	c21
1.28974140261722e-05	-1.81344136783679	0.012	0.206	0.432553471609764	ARID1A	c21
0.26288543691283	-1.81340019812608	0	0.014	1	MOSMO	c21
1.70989320218597e-07	-1.81265834838478	0.012	0.269	0.00573463982149131	NELFCD	c21
0.204838238210473	-1.81205744248891	0	0.018	1	RBM43	c21
0.200344387255302	-1.81143689746324	0	0.019	1	FKTN	c21
1.16348716206566e-13	-1.81111299545411	0.023	0.459	3.90210324413582e-09	ARPC1B	c21
0.173092933888357	-1.81096569670771	0	0.021	1	BTBD2	c21
4.33368705206685e-20	-1.80935240578541	0.07	0.671	1.45343196352218e-15	DDX5	c21
0.273558665386743	1.80822627164247	0.012	0.033	1	THAP8	c21
4.78934287225547e-07	-1.80791986076908	0.012	0.255	0.0160624981249704	LPCAT4	c21
0.191690090136191	-1.80771190652634	0	0.019	1	CAPRIN2	c21
8.38254298934302e-05	-1.80770577680889	0.012	0.176	1	MICAL2	c21
0.183457471570068	-1.80753039729004	0	0.02	1	ZNF337-AS1	c21
2.61884922356992e-07	-1.80697930547642	0.012	0.263	0.0087830965260088	HDAC2	c21
1.73577021175664e-06	-1.80647534029068	0.012	0.236	0.0582142613618941	USP39	c21
0.161045409124118	-1.80617335377791	0	0.022	1	RFX2	c21
0.18480139751282	-1.80582567910066	0	0.02	1	CARD17	c21
3.31663088118944e-14	-1.80515919244233	0.035	0.493	1.11233166493332e-09	RGS19	c21
0.15761478102365	-1.80491041523414	0	0.023	1	TCEAL1	c21
0.252945623598151	-1.8039344179694	0	0.015	1	ZNF619	c21
0.239774936518949	-1.80299393834223	0	0.016	1	MFSD13A	c21
0.224013618664364	-1.80147795948189	0	0.017	1	KSR1	c21
0.163378362537566	-1.80116671789571	0	0.022	1	CRNDE	c21
0.170605364663633	-1.80016376078178	0	0.021	1	NR1H3	c21
0.152074798501531	-1.79939079795785	0	0.023	1	LYSMD4	c21
0.193102470514179	-1.7989313094292	0	0.019	1	SLC25A23	c21
0.209448111705202	-1.7986017555517	0	0.018	1	TARBP1	c21
0.176900659787925	-1.79814696843351	0	0.021	1	SMURF1	c21
2.0274653562056e-06	-1.79767364775365	0.012	0.234	0.0679971331164234	ACOT7	c21
3.06232531032297e-08	-1.79741712300852	0.023	0.314	0.00102704266257612	CDKN1A	c21
0.694086328096312	1.79684069993008	0.012	0.017	1	SLC37A1	c21
0.180802514482474	-1.79646048525413	0	0.02	1	CCDC163	c21
0.535545142416906	1.7952568522378	0.012	0.022	1	RECQL5	c21
0.266993080551225	-1.79493614945538	0	0.014	1	ZMYM6	c21
0.209448111660719	-1.79472890932776	0	0.018	1	ZNF473	c21
0.356761515724991	-1.79467944539232	0	0.01	1	MICU3	c21
6.26435410676069e-05	-1.79465023801205	0.012	0.181	1	GNL2	c21
0.000399041226344154	-1.79453246581465	0.012	0.151	1	RBM33	c21
1.43908796340298e-05	-1.79437824352025	0.012	0.204	0.482641321166091	STIM1	c21
5.73005640198333e-11	-1.79428718967267	0.023	0.392	1.92174631609717e-06	TXNL1	c21
0.00098792130392065	-1.79368482416599	0.012	0.135	1	GGA1	c21
0.000506739146261562	-1.79321288434377	0.012	0.147	1	FCER2	c21
0.234380438967835	-1.7931016300475	0	0.016	1	KIAA0513	c21
7.66048945446819e-08	-1.79291604225542	0.012	0.28	0.00256917495323954	FAM107B	c21
0.148849388573	1.79280877397092	0.035	0.08	1	INO80D	c21
0.279794054981501	-1.79230518839663	0	0.013	1	SIRT4	c21
0.300448825015632	-1.79227625400685	0	0.012	1	GPR15	c21
6.33247846228874e-18	-1.7920445940937	0.035	0.572	2.1237866266824e-13	ARF5	c21
0.14674807761611	-1.7906672574665	0	0.024	1	LINC01003	c21
0.162207239987464	-1.78946774959706	0	0.022	1	UBTD1	c21
1.30015994774525e-13	-1.78896017883308	0.047	0.499	4.36047643274802e-09	CSDE1	c21
0.194526682665542	-1.78890838600752	0	0.019	1	ZNF280C	c21
0.302859794907425	-1.78811481367006	0	0.012	1	HHEX	c21
3.70409231763678e-07	-1.78796721835214	0.012	0.259	0.0124227848148902	CDC73	c21
2.70891819611877e-12	-1.78703686418189	0.047	0.469	9.08516984614315e-08	SNX17	c21
0.113885087257861	-1.78683035909004	0	0.028	1	AC016876.1	c21
0.214177888451538	-1.78635808894666	0	0.018	1	UHRF1BP1	c21
0.284227700400528	-1.78629321424423	0	0.013	1	MAP2K6	c21
0.295698829716944	-1.78602789221832	0	0.013	1	SERPINI1	c21
0.00686403804880486	-1.78561974072902	0.012	0.1	1	AFF1	c21
0.198871574208864	-1.78517719472556	0	0.019	1	PLCB3	c21
2.47660359207221e-12	-1.78472877304001	0.023	0.427	8.30603312709177e-08	C4orf48	c21
0.000111915957417716	-1.78472648132662	0.012	0.172	1	PGS1	c21
0.163378362436741	-1.78400164696932	0	0.022	1	NPEPL1	c21
0.00141724239848	-1.78340802253185	0.012	0.129	1	DDX52	c21
1.15497347023355e-12	-1.78339628853002	0.023	0.435	3.87355002446928e-08	MPG	c21
0.237960634721686	-1.78276757746749	0	0.016	1	CD244	c21
0.212587726532685	-1.78181214215167	0	0.018	1	C5orf34	c21
9.51864869805383e-06	-1.78063232827132	0.012	0.211	0.31923644003533	GADD45B	c21
0.236162533252035	-1.78003298564939	0	0.016	1	ZNF627	c21
0.27544524268799	-1.77995006273152	0	0.014	1	AL669831.5	c21
3.76035863062347e-13	-1.7798250166254	0.047	0.489	1.2611490775385e-08	NUDC	c21
0.000249292150943196	-1.77882881666338	0.012	0.158	1	VRK3	c21
0.34791672377358	-1.77850195984083	0	0.01	1	CD180	c21
0.128286937578825	-1.77826123125626	0	0.026	1	ANKRD35	c21
0.188900331649373	-1.77825853278894	0	0.02	1	GPAT2	c21
0.214177888451538	-1.77816303874723	0	0.018	1	TCTE3	c21
0.15761478105595	-1.77757743177114	0	0.023	1	C11orf68	c21
1.31311548631379e-05	-1.77711893417957	0.012	0.206	0.440392671799918	MRPL45	c21
0.150992712951275	-1.77709290754776	0	0.023	1	TP53I3	c21
0.191690090095991	-1.77414833453277	0	0.019	1	ZNF764	c21
0.193102470514179	-1.7734625126077	0	0.019	1	SNHG9	c21
1.11946602372884e-08	-1.7714244562745	0.023	0.328	0.000375446515038179	SUPT16H	c21
0.931639042057008	1.77092283914701	0.012	0.013	1	ZNF805	c21
0.000201240331375562	-1.77023501645957	0.012	0.162	1	TXLNA	c21
0.236162533252035	-1.77012742614777	0	0.016	1	DOCK7	c21
1.10206847963662e-05	-1.77006767786151	0.012	0.209	0.369611726700531	NUP98	c21
0.239774936518949	-1.76904871574231	0	0.016	1	LENG9	c21
6.67702935808282e-06	-1.76816457608711	0.012	0.216	0.223934210611382	PPP2R3C	c21
0.203327583010765	-1.76595348372531	0	0.018	1	AC107959.1	c21
0.237960634721686	-1.76534973399533	0	0.016	1	CXCL16	c21
0.165748845177462	-1.76531339789795	0	0.022	1	SLC12A8	c21
0.498315486858696	1.76501513544683	0.012	0.023	1	ZXDC	c21
0.182124547919712	-1.76498599517288	0	0.02	1	FBXL18	c21
0.200344387213029	-1.76444559142031	0	0.019	1	PLXNA1	c21
0.139630551262019	-1.76443097885604	0	0.025	1	NAP1L5	c21
0.156489236729106	-1.764365652806	0	0.023	1	DHRS12	c21
0.138644862723331	-1.76360740941376	0	0.025	1	HYPK	c21
3.62463720495505e-11	-1.76351737501393	0.035	0.419	1.21563082579783e-06	MZT2B	c21
0.203327583010765	-1.7633983873703	0	0.018	1	ZNF649	c21
0.931822359576338	1.76290189294468	0.012	0.013	1	AC092279.1	c21
0.279794055106982	-1.7621213649221	0	0.013	1	AC231981.1	c21
9.63423947348024e-10	-1.76204481258947	0.035	0.38	3.2311312346158e-05	TSTA3	c21
1.1402282437667e-08	-1.76077114363349	0.023	0.327	0.000382409748394476	RPAIN	c21
0.227408385989127	-1.76071070300327	0	0.017	1	CRAMP1	c21
0.271178981298372	-1.76058252241373	0	0.014	1	CPEB2	c21
8.57186546038393e-07	-1.75978338805469	0.012	0.247	0.0287483223810356	CGGBP1	c21
0.284227700400528	-1.75910383827728	0	0.013	1	CPNE5	c21
0.182124547881771	-1.75790088394158	0	0.02	1	IFT88	c21
0.00159816144990149	-1.75782436106674	0.012	0.127	1	DUSP4	c21
1.77968512203499e-09	-1.75761107860576	0.012	0.329	5.96870796228094e-05	TXNL4A	c21
0.193102470554715	-1.75746036528759	0	0.019	1	GNA12	c21
0.156489236761151	-1.75718323462524	0	0.023	1	PHC2	c21
7.02200017153297e-05	-1.75684086858347	0.012	0.179	1	GTF3C1	c21
2.08900506059514e-10	-1.75670425212179	0.023	0.377	7.00610517222398e-06	ZBTB8OS	c21
0.00123351105222526	-1.75661295110142	0.012	0.131	1	CACUL1	c21
3.83021065037946e-14	-1.75624084161092	0.023	0.47	1.28457604792426e-09	PSMG2	c21
0.158749267094383	-1.75594766464721	0	0.023	1	EIF4EBP3	c21
0.183457471570068	-1.75500371256004	0	0.02	1	C3orf18	c21
0.183457471608322	-1.75485052358811	0	0.02	1	NPW	c21
3.46423383382403e-05	-1.75284184424598	0.012	0.191	1	MAP2K1	c21
0.207898359991981	-1.7528197284681	0	0.018	1	NEDD4	c21
0.219031635472845	-1.75279019352662	0	0.017	1	PLA2G6	c21
0.153165412538796	-1.75239936471203	0	0.023	1	DMC1	c21
0.266993080551225	-1.7517183153098	0	0.014	1	SLC18B1	c21
0.188900331649373	-1.75099274265126	0	0.02	1	DDX19B	c21
2.53011439446132e-06	-1.75080266530465	0.012	0.231	0.0848549765614438	SMAP2	c21
0.252945623598151	-1.75056746368955	0	0.015	1	YOD1	c21
4.93466867549898e-06	-1.75021640852364	0.012	0.221	0.165498918038885	UNC119	c21
0.180802514482474	-1.74983936973935	0	0.02	1	LBHD1	c21
0.350075483879217	1.74918894391059	0.012	0.029	1	IL23R	c21
5.15986727236523e-10	-1.74888342080124	0.035	0.387	1.73051628580585e-05	CSNK1A1	c21
4.00541438726615e-17	-1.74884739232964	0.07	0.619	1.34333587720132e-12	ARHGDIA	c21
0.328378131553408	-1.74807771275245	0	0.011	1	FAM49A	c21
6.11744147915514e-05	-1.74636158977328	0.012	0.182	1	SSBP4	c21
0.209448111660719	-1.74573055191268	0	0.018	1	FBXL17	c21
1.05067824019636e-14	-1.74518034651911	0.047	0.527	3.52376468197057e-10	C4orf3	c21
0.474024173294677	1.74350184074148	0.012	0.024	1	URB2	c21
0.131026052903559	-1.74183600493124	0	0.026	1	RAB11B-AS1	c21
0.166948389463019	-1.74176706585276	0	0.022	1	IRF2BP1	c21
0.155372549532593	-1.74080632968845	0	0.023	1	EFCAB2	c21
0.535309969597715	1.74025554043012	0.012	0.022	1	EXD3	c21
0.0029024859326892	-1.73972506857936	0.012	0.116	1	AC243960.1	c21
3.96580161290973e-19	-1.7394214003344	0.047	0.617	1.33005054493766e-14	PARP1	c21
0.136696111527178	-1.73807622967668	0	0.025	1	NOMO1	c21
0.154264635652998	-1.73803922075908	0	0.023	1	DNAL1	c21
0.187522711611592	-1.73729996627069	0	0.02	1	ARHGAP21	c21
0.162207239987464	-1.73704164687436	0	0.022	1	CBWD5	c21
0.219031635472845	-1.73683596589109	0	0.017	1	CES1	c21
0.141624898798905	-1.735799123516	0	0.025	1	RDM1	c21
3.2985851848989e-19	-1.73544313505178	0.093	0.695	1.10627949931139e-14	LRRFIP1	c21
0.170605364593104	-1.73466785780086	0	0.021	1	BLOC1S5	c21
0.000372887062817229	-1.73463883219761	0.012	0.152	1	TAZ	c21
0.229128317394686	-1.73439974139378	0	0.017	1	ZNF468	c21
0.266993080491976	-1.7335283692697	0	0.014	1	SLC2A13	c21
0.224013618760539	-1.73233004969462	0	0.017	1	PAIP2B	c21
0.26492960476108	-1.73066025517237	0	0.014	1	HOXB-AS1	c21
0.00467437862509223	-1.72940464221575	0.012	0.107	1	SMG5	c21
2.58099673691265e-14	-1.72922213284823	0.035	0.496	8.65614685625763e-10	GDI2	c21
0.214177888405894	-1.72862252123636	0	0.018	1	ALG10B	c21
0.153165412507499	-1.728521742815	0	0.023	1	Z83844.3	c21
1.4640707819087e-06	-1.728158397592	0.012	0.239	0.0491020058836541	TSR2	c21
0.310240920928682	-1.72713825548193	0	0.012	1	DNAH1	c21
0.214177888314605	-1.7270573697906	0	0.018	1	AC091271.1	c21
0.572172557351033	-1.72607717406151	0.012	0.007	1	IGHV4-39	c21
0.232614162065296	-1.72399418517311	0	0.016	1	SH3PXD2A	c21
0.236162533252035	-1.72376588245487	0	0.016	1	SOCS7	c21
9.5084833818542e-13	-1.72357484637226	0.035	0.459	3.18895515660626e-08	MCL1	c21
0.269076119282885	-1.72307164500741	0	0.014	1	FKBP14	c21
5.49180411020273e-07	-1.72286071585371	0.023	0.274	0.0184184126247979	ARHGAP45	c21
2.09734830431361e-07	-1.72246959718173	0.012	0.267	0.00703408674300698	PPP3CC	c21
0.193102470554715	-1.72227324633638	0	0.019	1	PYROXD2	c21
0.000113602080502255	-1.72177845339258	0.012	0.172	1	KLRG1	c21
2.10987079041498e-06	-1.72159646898311	0.012	0.234	0.0707608465689375	BLVRA	c21
0.333810547641295	-1.72115515209633	0	0.011	1	GDPD1	c21
0.0183547069393791	-1.72112670487544	0.012	0.082	1	MATR3.1	c21
0.333810547719748	-1.72105194650221	0	0.011	1	ZNF678	c21
0.713152868573709	1.72088965554721	0.023	0.031	1	RREB1	c21
0.00606440793452488	-1.72083142788426	0.035	0.141	1	IL17RB	c21
3.03335637747733e-07	-1.72067601147481	0.023	0.283	0.0101732706187835	IRF2	c21
0.298061953411382	-1.72062513038501	0	0.012	1	RAB13	c21
0.230863515997362	-1.72019603118766	0	0.016	1	SRGAP2C	c21
1.35184301893883e-09	-1.72018568092349	0.012	0.332	4.53381111691706e-05	JOSD2	c21
7.0200124299874e-05	-1.71800582213852	0.012	0.179	1	SLC38A10	c21
2.30980471736736e-11	-1.71719913893659	0.023	0.403	7.74662306110664e-07	FEN1	c21
0.178190678601471	-1.71660128240015	0	0.021	1	BIK	c21
0.241605635156164	-1.71578228577054	0	0.016	1	BCLAF3	c21
0.211011184475902	-1.71533844484731	0	0.018	1	RHOQ	c21
0.291042463397389	-1.71507113020638	0	0.013	1	STARD9	c21
4.50839866111271e-09	-1.71451354446349	0.023	0.34	0.000151202674296398	CENPF	c21
0.131026052903559	-1.71380929157779	0	0.026	1	CBX8	c21
0.362522694511587	1.71272801765427	0.012	0.028	1	TRMT44	c21
0.212587726532685	-1.71166584255289	0	0.018	1	ZNF726	c21
6.33476401897351e-05	-1.71109195726968	0.012	0.181	1	ECI2	c21
0.227408385989127	-1.71106627796383	0	0.017	1	AFAP1L2	c21
0.211011184475902	-1.71086055821727	0	0.018	1	RWDD2A	c21
0.356761515810664	-1.71073536805679	0	0.01	1	DOK3	c21
2.81382996662487e-06	-1.7102393218793	0.012	0.229	0.0943702294206651	CNTRL	c21
5.39884959625122e-06	-1.7086399482296	0.012	0.22	0.181066617759073	FADD	c21
2.29636714851923e-05	-1.70850538372516	0.012	0.197	0.770155614270381	DRG2	c21
0.677681417166886	1.70776980727376	0.035	0.046	1	CORO7	c21
6.60964145508982e-08	-1.70742856418049	0.012	0.282	0.00221674155120802	EZH2	c21
2.96590443941835e-07	-1.70732646833098	0.012	0.262	0.00994705030892128	EIF2AK2	c21
0.28200012727164	-1.70725142029137	0	0.013	1	STX18-AS1	c21
1.81641867059942e-06	-1.70681869241525	0.012	0.236	0.0609190493745633	APPL1	c21
2.30610985582209e-05	-1.70661304839498	0.012	0.197	0.773423123445613	PSPC1	c21
0.286477075021062	-1.70634547483755	0	0.013	1	SLC11A1	c21
0.223393001219829	1.70630424029442	0.012	0.037	1	COL5A3	c21
0.0314810263269445	1.70625020931037	0.023	0.093	1	SFI1	c21
0.19169009005579	-1.7058652082578	0	0.019	1	AL133215.2	c21
0.293359111374593	-1.70574400772713	0	0.013	1	GSN	c21
0.28200012727164	-1.70566130841953	0	0.013	1	TSPAN18	c21
6.34505814881438e-07	-1.7048078277112	0.012	0.251	0.0212800560194937	CHCHD7	c21
2.88869246664247e-20	-1.70382093614926	0.116	0.746	9.68809679462552e-16	FLNA	c21
0.759625665655468	1.70341880294662	0.012	0.016	1	NSMF	c21
0.262885436796538	-1.7024729630708	0	0.014	1	B3GAT1	c21
3.5518468714382e-05	-1.70211839054805	0.012	0.19	1	BZW2	c21
0.13288723038605	-1.70063709285098	0	0.026	1	F8	c21
0.230863515997362	-1.70032164431175	0	0.016	1	ACTR3B	c21
0.252945623598151	-1.70009490518981	0	0.015	1	AL513550.1	c21
0.206361783316205	-1.69929520316087	0	0.018	1	ZNF496	c21
0.227408385989127	-1.69911505087724	0	0.017	1	ZNF93	c21
0.184801397474249	-1.69882938231607	0	0.02	1	RTN2	c21
0.105494665482827	-1.69879448198538	0	0.03	1	AUNIP	c21
8.86073206891255e-09	-1.69853359604548	0.023	0.331	0.000297171232127189	BCLAF1	c21
0.00110809937741689	-1.69831105055296	0.012	0.133	1	LAS1L	c21
2.76843325706176e-13	-1.69811761621445	0.047	0.493	9.28477145753373e-09	G3BP1	c21
0.222338437204214	-1.69602435988568	0	0.017	1	ARAP3	c21
0.229128317394686	-1.69566345896412	0	0.017	1	ZNF286A	c21
0.0154504061666991	-1.69557388513833	0.012	0.086	1	NECAP1	c21
1.82608951318443e-07	-1.69529484204067	0.012	0.269	0.00612433900931794	OGFR	c21
0.183457471608322	-1.69503155844617	0	0.02	1	POMT2	c21
0.206361783403665	-1.69377425090543	0	0.018	1	CD274	c21
0.867742415647447	1.69285548959633	0.012	0.014	1	UBE2E2	c21
0.175621098910907	-1.69284693535916	0	0.021	1	ACTL10	c21
2.97282657944539e-05	-1.69166847397524	0.012	0.193	0.997026578214394	NLRC3	c21
0.237960634721686	-1.69130458618529	0	0.016	1	MBLAC2	c21
0.158749267094383	-1.69076869299612	0	0.023	1	CREB3L4	c21
0.121279980855526	-1.69067493506614	0	0.027	1	TGFBR3L	c21
2.84332352454818e-11	-1.68870357363434	0.035	0.421	9.53593843662968e-07	KIF5B	c21
0.195962852169143	-1.68701287810661	0	0.019	1	DYRK3	c21
0.000410021567182995	-1.68646205567419	0.012	0.15	1	NAPRT	c21
0.2608603266199	-1.68554748006473	0	0.014	1	AL365203.2	c21
0.00664994119084227	-1.68518439247334	0.012	0.101	1	HIST1H3C	c21
0.198871574208864	-1.68429389784968	0	0.019	1	UAP1L1	c21
0.207898359947877	-1.68426313004172	0	0.018	1	SHLD3	c21
0.220677831432145	-1.68382068526062	0	0.017	1	LINC02084	c21
0.24160563520872	-1.68363069902905	0	0.016	1	ZNF254	c21
0.220677831432145	-1.68358167113852	0	0.017	1	KIF24	c21
2.53622123180709e-05	-1.68270458492674	0.012	0.196	0.850597876723461	ARFGAP3	c21
5.72090985754368e-09	-1.68264860509097	0.012	0.314	0.0001918678748023	GMNN	c21
0.310240920928682	-1.68261493596936	0	0.012	1	BICDL1	c21
2.39486004441542e-11	-1.68234934254669	0.023	0.402	8.03188161696044e-07	SHKBP1	c21
0.191690090136191	-1.68108853625804	0	0.019	1	HIST1H2AM	c21
4.06677589171825e-05	-1.68098029950372	0.012	0.188	1	TAF6	c21
0.200344387255302	-1.68070890282045	0	0.019	1	ARHGEF18	c21
0.00583915525303515	-1.68067271930686	0.012	0.103	1	VCL	c21
1.09212985521925e-13	-1.68057776313195	0.047	0.501	3.66278510843432e-09	SFPQ	c21
0.153165412507499	-1.68030616708377	0	0.023	1	SPINDOC	c21
4.2969311016266e-06	-1.68012532935126	0.012	0.223	0.144110475286353	COMTD1	c21
0.247198131474964	-1.67926011203493	0	0.015	1	BICRA	c21
1.96753974511855e-05	-1.67925864264962	0.012	0.2	0.659873479717859	ARF3	c21
0.342181695164253	-1.67802670681346	0	0.01	1	SH2D1B	c21
0.252945623598151	-1.67764136047699	0	0.015	1	RFNG	c21
7.51609038806252e-05	-1.67686807973071	0.012	0.178	1	SCYL1	c21
0.0998062681595696	-1.67667293087486	0	0.031	1	CCDC74A	c21
9.80887733298648e-18	-1.67643831010351	0.07	0.63	3.28970127993701e-13	VCP	c21
8.10860257996976e-05	-1.67624748428292	0.012	0.177	1	SPTLC2	c21
1.50477643898965e-14	-1.67468208359387	0.07	0.561	5.04671922108348e-10	FUS	c21
0.194526682706418	-1.67354385721048	0	0.019	1	MAFF	c21
0.131231509174852	1.67247579868514	0.012	0.047	1	KTI12	c21
0.64372246060362	1.67177162571471	0.012	0.019	1	LINC01547	c21
9.58833898653889e-06	-1.6716652905499	0.012	0.211	0.321573712930541	MAEA	c21
0.543030828341052	1.67157013115675	0.012	0.021	1	QSER1	c21
0.331079829460198	-1.67088770732068	0	0.011	1	PRKCZ	c21
0.2608603266199	-1.67073468779009	0	0.014	1	QPCTL	c21
1.78615640087884e-09	-1.67064969685752	0.023	0.351	5.99041133726746e-05	NDUFA8	c21
2.62680026746942e-09	-1.66936796715484	0.012	0.324	8.80976273703895e-05	ATP5ME	c21
0.247198131474964	-1.6691205883418	0	0.015	1	APBB3	c21
0.00158974639634479	-1.66839105067994	0.012	0.127	1	EXOC5	c21
0.184801397474249	-1.66805081488728	0	0.02	1	DHX35	c21
0.169376553425495	-1.66705191578842	0	0.022	1	CDYL2	c21
0.198871574250783	-1.66696169814903	0	0.019	1	MYEF2	c21
2.9399462812242e-08	-1.66604596731249	0.023	0.315	0.000985999183796973	HARS	c21
0.15648923669706	-1.66512362838654	0	0.023	1	SULT1A3	c21
0.262885436854684	-1.66489157697322	0	0.014	1	MAP9	c21
0.245317027111645	-1.66480125159579	0	0.015	1	KLC4	c21
0.286922067771968	1.66392637216521	0.012	0.032	1	LARP1B	c21
0.178190678527427	-1.66282658429042	0	0.021	1	PTGIS	c21
0.19741110625446	-1.66279637614568	0	0.019	1	TRAM2	c21
0.15648923669706	-1.66253155246154	0	0.023	1	AL034549.1	c21
1.2851641388986e-07	-1.66189379182096	0.012	0.273	0.00431018348903811	POLDIP2	c21
0.153165412570092	-1.66172662230206	0	0.023	1	LCMT2	c21
3.50671430502116e-12	-1.66044160978591	0.023	0.423	1.176081843618e-07	LSM8	c21
2.55260346447337e-12	-1.65977244497397	0.047	0.469	8.56092149915079e-08	CLEC2D	c21
0.161045409124118	-1.65940045356785	0	0.022	1	SCO2.1	c21
0.186156439140746	-1.65928448906035	0	0.02	1	HIST1H4B	c21
0.200344387170756	-1.65899626892901	0	0.019	1	GPC1	c21
1.25147982643692e-05	-1.65852867028067	0.012	0.207	0.419721304190416	CUL4A	c21
0.52024170107329	1.6582669293675	0.012	0.022	1	THRA	c21
6.59255202177647e-09	-1.65731472886978	0.012	0.313	0.000221101009706339	OLA1	c21
4.13467291923468e-06	-1.65729459660271	0.012	0.224	0.138668660365293	GOLT1B	c21
0.117110287199337	-1.6571365334856	0	0.028	1	ALDH1B1	c21
1.61183475972633e-10	-1.65637978317966	0.035	0.401	5.40577141717017e-06	TAF15	c21
0.667853256856089	1.6558841028734	0.012	0.018	1	AGO4	c21
0.328378131553408	-1.65570199241416	0	0.011	1	ITGAX	c21
0.214177888451538	-1.65553402370164	0	0.018	1	HYAL2	c21
6.70753029758515e-06	-1.65417827591344	0.023	0.238	0.224957151120411	DCAF11	c21
1.56607084183684e-16	-1.65388144660221	0.07	0.606	5.25228838935238e-12	BUB3	c21
0.227408385989127	-1.65377966927328	0	0.017	1	FSCN1	c21
0.338158047022245	1.65361133391281	0.023	0.046	1	RAP1GAP2	c21
0.251012212647478	-1.6532816698798	0	0.015	1	ZNF251	c21
7.07191514587963e-14	-1.65272224439804	0.023	0.464	2.37177890162511e-09	CLTB	c21
5.64583800494527e-06	-1.65268526429075	0.012	0.219	0.189350115009854	CTDSP1	c21
0.000189349240360356	-1.65236806048504	0.012	0.163	1	CENPC	c21
0.19741110625446	-1.6521498377852	0	0.019	1	TUBB4A	c21
0.225703544539646	-1.65191373797526	0	0.017	1	AL356481.1	c21
0.284227700400528	-1.6509847427579	0	0.013	1	AL049780.2	c21
0.00447008664419189	-1.64944716014705	0.012	0.108	1	TMEM140	c21
1.62740928378455e-08	-1.6488018232577	0.023	0.323	0.000545800525595661	SNX1	c21
0.182124547881771	-1.64746751781656	0	0.02	1	ZNF18	c21
1.18255680351427e-09	-1.64728193125208	0.023	0.356	3.96605900762615e-05	MTCH1	c21
0.200344387255302	-1.64710618327687	0	0.019	1	FAN1	c21
0.193102470514179	-1.6470039632579	0	0.019	1	XYLT2	c21
0.333810547641295	-1.64645276647563	0	0.011	1	ZNF354B	c21
0.293359111374593	-1.6464037465323	0	0.013	1	WDR27	c21
0.00227649094558701	-1.64632418256918	0.012	0.12	1	TTC19	c21
0.187604701546071	1.64630518642719	0.023	0.058	1	BCOR	c21
0.178190678564449	-1.64596838283921	0	0.021	1	CABLES2	c21
1.93827158904503e-06	-1.64584022671069	0.012	0.235	0.0650057525533922	COA1	c21
0.239774936518949	-1.64568768462488	0	0.016	1	CDAN1	c21
0.496910504010517	1.64513864542372	0.035	0.053	1	THADA	c21
0.284227700400528	-1.64498672460511	0	0.013	1	KLF7	c21
0.000119992218590289	-1.6446738752649	0.012	0.171	1	SLC25A38	c21
0.209448111616236	-1.64333794861344	0	0.018	1	ADORA2A	c21
0.237960634670066	-1.64307948250525	0	0.016	1	MTMR10	c21
0.362826332098992	-1.64254194400302	0	0.01	1	USP44	c21
0.183457471570068	-1.64229474260938	0	0.02	1	OSBPL1A	c21
0.157927758205656	1.64203057911186	0.012	0.043	1	SEC31B	c21
0.214177888360249	-1.6419186014323	0	0.018	1	ZC4H2	c21
0.215781823208715	-1.64134330060309	0	0.018	1	KDM4A-AS1	c21
0.195378212015617	1.64061150960245	0.012	0.039	1	EID3	c21
0.124730496904135	-1.63863767779348	0	0.027	1	HMSD	c21
1.590262936724e-08	-1.63829365247823	0.035	0.345	0.000533342383718494	CDC20	c21
8.14840882537296e-05	-1.63723527274662	0.012	0.177	1	SMC5	c21
0.00591468135550005	-1.6365585417625	0.012	0.103	1	GOLGA8B	c21
0.275445242749536	-1.63603800995117	0	0.014	1	AC069544.1	c21
0.258854028558197	-1.63514575796053	0	0.015	1	AC105020.6	c21
0.2608603266199	-1.63492075318988	0	0.014	1	XKR6	c21
0.329184503621427	1.63222353148969	0.012	0.03	1	TTL	c21
0.113325336146784	1.63187175951722	0.035	0.086	1	P2RX4	c21
0.258854028558197	-1.63145631363635	0	0.015	1	LINC01215	c21
0.00451442232174358	-1.63134083700625	0.012	0.108	1	DTNB	c21
0.0019178051944616	-1.63124139036516	0.012	0.123	1	LAT2	c21
0.000280538160678989	-1.63064492640432	0.012	0.157	1	CCAR2	c21
5.46818892619096e-13	-1.63063214595436	0.035	0.465	1.83392120206593e-08	RBM39	c21
0.165748845211612	-1.63058681539603	0	0.022	1	LRRC20	c21
0.242145284543634	1.63036127539765	0.012	0.035	1	ARID3A	c21
1.06708707189547e-05	-1.62980835008153	0.012	0.209	0.357879662172302	TROAP	c21
0.195962852169143	-1.62978034532953	0	0.019	1	REXO5	c21
0.224013618760539	-1.62976507721123	0	0.017	1	RGS2	c21
0.271178981298372	-1.62928560472928	0	0.014	1	ABCA5	c21
2.99692407848677e-05	-1.62846750685139	0.012	0.193	1	NUP58	c21
1.19789451836754e-05	-1.62750917028417	0.012	0.207	0.401749863570106	NAE1	c21
2.28650527095945e-08	-1.62593227946395	0.035	0.34	0.00076684813777438	GPAA1	c21
8.2267879141036e-18	-1.62539176362365	0.023	0.547	2.75910013063207e-13	RPL23	c21
2.71882331507644e-13	-1.62532493554009	0.058	0.512	9.11838963410335e-09	RPN1	c21
0.00539275508415335	-1.62434373103944	0.012	0.105	1	ICE2	c21
0.245317027111645	-1.62302385315006	0	0.015	1	SNX25	c21
0.00998833651351583	-1.6225678615609	0.012	0.094	1	HPS4	c21
0.266993080491976	-1.62250601610223	0	0.014	1	AC010618.3	c21
0.210248869787963	1.62222176906605	0.012	0.038	1	AP5B1	c21
0.148853809867703	-1.6205969844762	0	0.024	1	NFIL3	c21
0.347916723856428	-1.61946533366469	0	0.01	1	CSF2RB	c21
4.38851126042381e-05	-1.61939632601214	0.012	0.187	1	NAGK	c21
0.247198131474964	-1.61921228050755	0	0.015	1	NCF2	c21
0.000136845557773316	-1.61908769701408	0.012	0.168	1	WDR55	c21
0.13963055120545	-1.61858102997229	0	0.025	1	MBNL1-AS1	c21
0.225703544539646	-1.61851002782417	0	0.017	1	ZNF155	c21
1.83521018362104e-05	-1.61765249779493	0.012	0.201	0.615492791382825	PKN1	c21
0.165748845177462	-1.61751029463168	0	0.022	1	STPG1	c21
0.29231259101348	1.61631816997437	0.023	0.049	1	MEPCE	c21
0.206361783403665	-1.6162169501627	0	0.018	1	GTF2H2C	c21
1.61878775458187e-12	-1.61615367554879	0.023	0.432	5.42909037131667e-08	CMC2	c21
8.9883417644631e-11	-1.61583854919782	0.07	0.466	3.01451006096563e-06	DDX17	c21
0.254896910945444	-1.61459878921058	0	0.015	1	VEGFB	c21
5.18655349986557e-06	-1.61385408525169	0.023	0.242	0.173946631278491	NUMA1	c21
0.207898359947877	-1.61331242604986	0	0.018	1	NUBPL	c21
2.32231935929504e-08	-1.61326900124419	0.012	0.296	0.000778859466720372	RALA	c21
0.220677831384891	-1.61324634011601	0	0.017	1	AC083880.1	c21
7.27472995886173e-07	-1.61295593946364	0.012	0.249	0.0243979893360305	ATF6B	c21
9.58060269403195e-10	-1.61286520186778	0.035	0.38	3.21314253152444e-05	ITGB7	c21
1.50225247677333e-06	-1.61246154408463	0.012	0.239	0.0503825435660241	UROD	c21
0.293359111374593	-1.61149260872914	0	0.013	1	ZNF585A	c21
0.266993080491976	-1.61145150829463	0	0.014	1	FAM43A	c21
0.601852513257535	1.61090621159975	0.012	0.02	1	FOXP4	c21
0.00165068672788984	-1.61078298729566	0.012	0.126	1	HMOX1	c21
0.286477075021062	-1.61036810778688	0	0.013	1	NOCT	c21
0.0549128701685093	-1.6100134544187	0.012	0.062	1	DIP2B	c21
0.229128317345313	-1.6095460886436	0	0.017	1	TMEM241	c21
3.30589172667248e-05	-1.6088704070628	0.023	0.212	1	PDE4B	c21
0.269926419673398	1.60760598746311	0.012	0.033	1	TOR4A	c21
0.783750665398531	1.60682904189721	0.012	0.015	1	EVC2	c21
0.196430711553218	-1.60605950516649	0.012	0.039	1	IGHM	c21
0.342181695164253	-1.60483240646946	0	0.01	1	TRGV8	c21
0.258854028501126	-1.60397864533468	0	0.015	1	SLC33A1	c21
0.000697461659717128	-1.60319681176832	0.012	0.141	1	DLEU2	c21
0.000105499268192577	-1.60227507095744	0.012	0.173	1	CLSTN1	c21
0.150992712982085	-1.6022566106261	0	0.023	1	MRPL12	c21
0.243452930865822	-1.60223433946389	0	0.016	1	NEK6	c21
0.227408385989127	-1.60152618060923	0	0.017	1	GDAP1	c21
0.0001290765227751	-1.60131842817094	0.012	0.169	1	TTC3	c21
1.54179842710118e-08	-1.60121976516101	0.035	0.345	0.000517088356481195	IMPDH2	c21
5.18532528209604e-10	-1.60100565811651	0.023	0.366	1.73905439310937e-05	BAZ1A	c21
0.00087586288017127	-1.60097185478409	0.012	0.137	1	NPM3	c21
0.212587726532685	-1.60084766799247	0	0.018	1	PIP5K1B	c21
0.000720630811806088	-1.6005372404244	0.012	0.14	1	PDCD4	c21
0.214177888405894	-1.60019957855095	0	0.018	1	PC	c21
0.277609189592144	-1.59963545031235	0	0.014	1	AL139260.1	c21
0.284227700400528	-1.59930300209824	0	0.013	1	AC108134.3	c21
0.00132306212918482	-1.59872315238338	0.012	0.13	1	NADK	c21
6.47350574537461e-06	-1.59837994089784	0.012	0.217	0.217108435688374	HECTD1	c21
0.23261416201504	-1.59817722538335	0	0.016	1	HIST3H2BB	c21
0.165748845177462	-1.59734005827922	0	0.022	1	GPT2	c21
2.26285539232698e-17	-1.59707413034545	0.105	0.672	7.58916441478622e-13	HNRNPU	c21
0.291042463397389	-1.59677330217527	0	0.013	1	ZNF345	c21
0.302859794838178	-1.59619566381331	0	0.012	1	LINC00115	c21
0.285037111170455	1.59567121020228	0.012	0.032	1	CSNK1E	c21
0.254896910889421	-1.59507322189769	0	0.015	1	ARHGAP33	c21
0.00152415793329951	-1.59399717895413	0.012	0.127	1	SUCLG2	c21
8.49404433912216e-17	-1.59323124809442	0.07	0.615	2.84873259045479e-12	CLTA	c21
2.82677225835137e-05	-1.59245427566706	0.012	0.194	0.948042880005881	IKZF3	c21
0.295698829649747	-1.59225426363419	0	0.013	1	ZNF583	c21
7.47023767418778e-06	-1.59210646963198	0.012	0.215	0.25053683111691	OASL	c21
0.000459705449697101	-1.5920484105444	0.012	0.148	1	HGS	c21
0.269076119282885	-1.59139479432863	0	0.014	1	MUC1	c21
0.000839164999182872	-1.59139351090593	0.012	0.138	1	KYAT3	c21
0.175621098910907	-1.59136058137114	0	0.021	1	BOLA3-AS1	c21
0.0160802436409366	-1.5909488495453	0.012	0.085	1	TRAV8-2	c21
5.64528142111426e-07	-1.59015446741783	0.012	0.253	0.018933144830133	ATP6AP1	c21
0.219031635426	-1.5900823349521	0	0.017	1	NANP	c21
0.275445242749536	-1.58992898931969	0	0.014	1	ENGASE	c21
0.516038148084981	1.58931101468656	0.012	0.022	1	LRRC8B	c21
0.203327583053759	-1.58918879259942	0	0.018	1	EBI3	c21
0.156489236729106	-1.58874077999559	0	0.023	1	URB1-AS1	c21
0.00258871492455563	-1.58814508794368	0.012	0.118	1	LRWD1	c21
0.201829678422703	-1.58788616117291	0	0.019	1	KLF11	c21
0.158977431904619	1.58779245199831	0.012	0.043	1	ALDH6A1	c21
0.171844125156461	-1.58768889467743	0	0.021	1	TTLL1	c21
1.23036733135486e-06	-1.58726947561354	0.023	0.263	0.0412640595589793	HAVCR2	c21
0.2608603266199	-1.58709196806335	0	0.014	1	ANO8	c21
1.98809168887896e-08	-1.58562980155295	0.012	0.298	0.000666766190616225	MED8	c21
0.237960634670066	-1.58505756958202	0	0.016	1	PPP2R3B	c21
0.232614162065296	-1.58489725892609	0	0.016	1	TSGA10	c21
0.443946436250841	1.58411547352511	0.023	0.04	1	MIGA2	c21
1.78619989713256e-06	-1.5840216933639	0.012	0.236	0.0599055721500319	RNF145	c21
1.13191437098009e-11	-1.58374745386345	0.035	0.432	3.79621441739302e-07	ZC3H15	c21
0.305295221544603	-1.58310090548289	0	0.012	1	TMEM150A	c21
1.52020481911475e-09	-1.58281778148537	0.023	0.353	5.09846292234706e-05	KCNAB2	c21
0.288748558130288	-1.58212212585599	0	0.013	1	MCM3AP-AS1	c21
0.183457471608322	-1.58204679307806	0	0.02	1	HIST1H2BL	c21
0.2608603266199	-1.58178501809329	0	0.014	1	ZCWPW1	c21
0.0015355193064686	-1.58174967338547	0.012	0.127	1	NOTCH2	c21
6.79338115016292e-07	-1.58114219840191	0.012	0.25	0.0227836417014164	DDX23	c21
0.27544524268799	-1.57981769955316	0	0.014	1	GSTM2	c21
6.65862217965502e-08	-1.57941903680561	0.012	0.282	0.0022331687066127	SYNJ2	c21
0.0382882249510249	-1.57923211879154	0.012	0.069	1	KMT2D	c21
0.19028941781329	-1.57852349572998	0	0.02	1	ZNF28	c21
0.000396317583799821	-1.57841533647439	0.012	0.151	1	EIF2B5	c21
0.477001944349515	1.57724428212104	0.012	0.024	1	ULK1	c21
0.126495243945349	-1.57709366312864	0	0.026	1	AFMID	c21
3.15649760733286e-11	-1.57478694460443	0.023	0.398	1.05862616754729e-06	RORA	c21
0.345033431243039	-1.57454180893307	0	0.01	1	CSAD	c21
0.23261416201504	-1.57330259264746	0	0.016	1	SERPINE2	c21
0.00607708810619805	-1.57317771569707	0.012	0.103	1	SIL1	c21
0.237960634721686	-1.57297099890991	0	0.016	1	HIST1H3A	c21
7.47504877045215e-05	-1.57263395241389	0.012	0.178	1	CPT1A	c21
4.71531635467565e-10	-1.57188003261756	0.023	0.368	1.58142279903112e-05	SYNCRIP	c21
3.34711542901068e-17	-1.5715649357172	0.047	0.58	1.1225555725816e-12	MRPS34	c21
0.247198131474964	-1.57143783789003	0	0.015	1	ZDHHC8	c21
9.39335264913936e-05	-1.57125408442767	0.012	0.175	1	PDXDC1	c21
7.21061540387273e-11	-1.57097559373103	0.023	0.39	2.41829619415084e-06	FUNDC2	c21
7.6044987955497e-05	-1.57038942495499	0.012	0.178	1	DEF8	c21
6.87364984987363e-11	-1.57016366528433	0.023	0.39	2.30528468665062e-06	PSMB7	c21
0.19028941781329	-1.56971860076151	0	0.02	1	ZNF584	c21
0.217399686235205	-1.56943438382717	0	0.017	1	DARS-AS1	c21
0.643309232153284	1.56875284996873	0.012	0.019	1	AC087239.1	c21
0.222338437251883	-1.56873755038871	0	0.017	1	HIST1H4I	c21
0.15648923669706	-1.56848382327871	0	0.023	1	AC009509.1	c21
0.201829678465334	-1.5683969934919	0	0.019	1	RPGRIP1L	c21
0.291042463397389	-1.56782083671502	0	0.013	1	CPEB3	c21
0.237960634721686	-1.56776645162741	0	0.016	1	PLD2	c21
0.438233732660584	1.56771427158428	0.012	0.025	1	GAN	c21
1.54833727911723e-07	-1.56771169514823	0.012	0.271	0.00519281356670338	TOX4	c21
2.20780735058082e-07	-1.5660941520455	0.023	0.288	0.00740454429237797	PRPF6	c21
7.59590533234484e-05	-1.56603559168021	0.012	0.178	1	CCR1	c21
7.13415788058565e-11	-1.56571099031016	0.035	0.41	2.39265386999082e-06	CD151	c21
3.23437742905354e-12	-1.5630448596337	0.081	0.525	1.08474550215598e-07	RANBP1	c21
5.97769864083563e-10	-1.56299309265857	0.023	0.365	2.00480057016345e-05	RASSF5	c21
0.347916723856428	-1.56268161639612	0	0.01	1	SNTB1	c21
0.00527903756783956	-1.56235452295959	0.012	0.105	1	RNF44	c21
0.238898660711118	1.56192164522671	0.012	0.036	1	OMA1	c21
8.39256153773346e-08	-1.56184007815744	0.012	0.279	0.00281469728852505	MALSU1	c21
0.247198131474964	-1.56172758783052	0	0.015	1	ERMAP	c21
1.35562433582553e-13	-1.56147012320721	0.058	0.522	4.54649289749168e-09	AUP1	c21
1.84840365269438e-05	-1.56132722435627	0.012	0.201	0.619917617040642	FPGS	c21
0.00212842678693803	-1.56123220680275	0.012	0.122	1	SYMPK	c21
0.000489895748847655	-1.5612293482615	0.012	0.147	1	SART1	c21
0.266993080551225	-1.55969212269114	0	0.014	1	CRACR2B	c21
0.195962852169143	-1.55837818790689	0	0.019	1	VPS37C	c21
1.02142842342255e-05	-1.55713258488404	0.023	0.231	0.342566664647453	JAK3	c21
0.00102984159329828	-1.55695546971046	0.012	0.134	1	SLC39A6	c21
0.350832122535167	-1.55688733933808	0	0.01	1	SYNPO2	c21
0.131263053160419	1.55662916388076	0.012	0.047	1	PEX10	c21
0.298061953411382	-1.5562044451418	0	0.012	1	ZNF782	c21
6.42026358858225e-06	-1.55620147781682	0.012	0.217	0.215322800233872	CHMP1A	c21
3.02782166157382e-13	-1.55612218097227	0.035	0.471	1.01547082885863e-08	ANXA7	c21
0.186156439140746	-1.55453232358881	0	0.02	1	ENTPD5	c21
2.89209222320264e-11	-1.55405827385927	0.035	0.421	9.69949889817703e-07	NDFIP1	c21
3.02189492939251e-06	-1.55371674516291	0.012	0.228	0.101348312141966	COQ4	c21
4.31353119717482e-06	-1.55340722695223	0.012	0.223	0.144667209290849	NINJ1	c21
0.307755471736708	-1.55325908482663	0	0.012	1	ZNF549	c21
0.325704985622711	-1.55325100632706	0	0.011	1	ADAMTS6	c21
0.245317027165162	-1.5529113328442	0	0.015	1	ZSCAN9	c21
0.207898359947877	-1.55221866716426	0	0.018	1	NBPF20	c21
7.65942914370133e-10	-1.5519604990216	0.035	0.383	2.56881934621455e-05	GPRIN3	c21
6.51028534361706e-13	-1.55184664973755	0.023	0.44	2.18341949854229e-08	IFI16	c21
0.000158555798009605	-1.55158736317787	0.012	0.166	1	FASTK	c21
0.286477074956465	-1.55153825168578	0	0.013	1	GCC2-AS1	c21
0.339360980532741	-1.55137134516338	0	0.011	1	SYCP2	c21
1.3633955230768e-12	-1.55118964389706	0.047	0.477	4.57255590529496e-08	CD320	c21
0.230863515997362	-1.55054262576576	0	0.016	1	MIEF2	c21
0.182124547843829	-1.5501971826633	0	0.02	1	ULBP2	c21
0.000158732878282637	-1.55001632025634	0.012	0.166	1	PES1	c21
0.279794055106982	-1.54992048601799	0	0.013	1	ZNF845	c21
0.00616204515188662	-1.54966428704886	0.012	0.103	1	HIST1H2AL	c21
0.271178981298372	-1.54955273894724	0	0.014	1	GRAP	c21
0.239774936466864	-1.54896557897608	0	0.016	1	TRIM39	c21
5.72658684547988e-07	-1.54883623408799	0.035	0.296	0.0192058269623704	RAD23B	c21
0.288748558130288	-1.54876828829593	0	0.013	1	DENND5A	c21
1.01122644314863e-08	-1.54852838044765	0.035	0.35	0.000339145124503187	PRPF8	c21
0.0296931695594627	-1.54820176445184	0.012	0.074	1	SMIM14	c21
0.359776690295609	-1.54793823099448	0	0.01	1	CYP2U1	c21
0.353780192683078	-1.54778073051412	0	0.01	1	AC139887.2	c21
7.45395202307026e-15	-1.54774793471873	0.058	0.552	2.4999064294973e-10	RALY	c21
1.28579578049406e-08	-1.54727756617379	0.012	0.304	0.000431230188862098	MRPS14	c21
0.275445242749536	-1.54693549882048	0	0.014	1	AC147067.1	c21
1.66552017969243e-07	-1.54662747212047	0.023	0.292	0.00558582157865248	RAB29	c21
2.13137011290635e-06	-1.54591210981571	0.023	0.255	0.0714818908466533	MAF	c21
0.295698829716944	-1.54567838407518	0	0.013	1	TJP2	c21
0.264929604819774	-1.54436613969963	0	0.014	1	CDKN2B-AS1	c21
0.191690090095991	-1.54303382625138	0	0.019	1	C3orf52	c21
0.163378362503958	-1.54262558343298	0	0.022	1	LY6G5C	c21
0.00191117189478958	-1.54259723580097	0.012	0.123	1	ILF3-DT	c21
0.286477075021062	-1.54208266081374	0	0.013	1	FBLN5	c21
1.30551567684822e-06	-1.54193055476163	0.012	0.241	0.0437843847701355	VPS72	c21
0.225703544491136	-1.54163980709451	0	0.017	1	LSM14B	c21
0.0187205953192468	-1.54148264542421	0.012	0.082	1	OXR1	c21
0.000790066255073288	-1.54138894763756	0.012	0.139	1	FAM98A	c21
0.254896910945444	-1.54134663663762	0	0.015	1	MRC2	c21
0.203327583053759	-1.54131263549394	0	0.018	1	MFSD2A	c21
0.173092933888357	-1.54126619375505	0	0.021	1	HSPA14	c21
0.000140398900375764	-1.53991542257754	0.012	0.168	1	HENMT1	c21
0.236162533252035	-1.53926234635373	0	0.016	1	SLC25A28	c21
0.232614162065296	-1.53893040133391	0	0.016	1	PHGDH	c21
0.252945623598151	-1.53806392084494	0	0.015	1	OLMALINC	c21
0.222338437251883	-1.5380224923421	0	0.017	1	COL5A2	c21
0.212587726532685	-1.53797255604428	0	0.018	1	GKAP1	c21
4.36477412727704e-05	-1.53774734145451	0.012	0.187	1	MORF4L2	c21
1.48946232406735e-07	-1.53769687692098	0.023	0.293	0.00499535874245706	TMEM223	c21
0.194526682747295	-1.53757105994777	0	0.019	1	CASTOR1	c21
0.249096454953219	-1.53680717574829	0	0.015	1	ANKRD34A	c21
6.26524695768625e-08	-1.53649878300258	0.012	0.283	0.00210123852466881	STN1	c21
0.003359681386235	-1.53616167122738	0.012	0.113	1	NBEAL2	c21
1.88281486107648e-06	-1.53587662860556	0.023	0.257	0.0631458448107828	CD96	c21
3.15169725422801e-09	-1.53501837256332	0.023	0.344	0.000105701622512299	ARIH2	c21
6.81488929127571e-07	-1.53459419015486	0.035	0.293	0.0228557757050805	CITED2	c21
2.88331083601751e-05	-1.53447699657386	0.023	0.215	0.967004788183553	RIPOR2	c21
2.06601700289902e-07	-1.53151140333542	0.023	0.289	0.00692900782432275	CHORDC1	c21
0.204838238253832	-1.53123614730916	0	0.018	1	IFI30	c21
2.58251857790501e-16	-1.53119633101013	0.058	0.583	8.66125080657782e-12	TUFM	c21
4.80073981408485e-07	-1.53087021183028	0.023	0.276	0.0161007211884778	ICOS	c21
0.264929604819774	-1.53078565244367	0	0.014	1	GRK3	c21
0.290893372419618	1.53063777303033	0.023	0.049	1	ZNHIT6	c21
0.253881053994082	1.53008346657371	0.012	0.035	1	PGM3	c21
8.21285887170523e-15	-1.52979454922435	0.035	0.507	2.7544286083925e-10	PSMA3	c21
0.298061953411382	-1.52869717995209	0	0.012	1	CKMT2-AS1	c21
0.243452930865822	-1.52811074065228	0	0.016	1	AL731569.1	c21
1.92586757654729e-06	-1.52753052863655	0.012	0.235	0.0645897467822431	RAB1A	c21
7.90922402108862e-06	-1.52744810964198	0.012	0.214	0.26525955521927	SUSD3	c21
1.20711391626827e-07	-1.52695253912846	0.023	0.296	0.00404841865238051	SAMD9L	c21
0.245317027111645	-1.52652309871068	0	0.015	1	SEPSECS-AS1	c21
0.000253617612830091	-1.52633011037445	0.012	0.158	1	OGA	c21
0.26288543691283	-1.52619330132574	0	0.014	1	C20orf204	c21
0.295698829716944	-1.52525247258932	0	0.013	1	HIST1H2BG	c21
0.191690089894988	-1.52497042052325	0	0.019	1	SPRY1	c21
1.42991249892401e-11	-1.52483023370248	0.035	0.43	4.79564053889133e-07	SRSF5	c21
7.28229054979262e-14	-1.52474479862667	0.081	0.566	2.44233460458945e-09	SON	c21
0.15761478102365	-1.52445173239111	0	0.023	1	C1orf74	c21
5.56943691456937e-06	-1.52375701197722	0.012	0.219	0.186787775240828	CENPU	c21
4.70538718375747e-05	-1.52346581232838	0.012	0.186	1	CHD2	c21
1.08906724042948e-08	-1.52252081767057	0.023	0.327	0.000365251371095239	ADAM19	c21
3.84873382268933e-07	-1.52226982407696	0.023	0.28	0.0129078834945355	IRF7	c21
0.1279995984345	1.52223692760458	0.035	0.083	1	NOM1	c21
0.106969837883029	-1.52191834187119	0	0.029	1	AC147651.4	c21
0.00106032766948976	-1.52181873159892	0.012	0.134	1	CDK5RAP2	c21
0.273558665463778	1.52112686079684	0.012	0.033	1	ERF	c21
0.262885436854684	-1.52042941718223	0	0.014	1	BLOC1S3	c21
0.36282633201135	-1.52010472541464	0	0.01	1	CFP	c21
4.55153246399894e-06	-1.51989421244202	0.035	0.264	0.152649295777596	SLC38A2	c21
0.258854028501126	-1.51971425075889	0	0.015	1	ZNF513	c21
0.201829678465334	-1.51907767899335	0	0.019	1	ZNF202	c21
0.000589797537937788	-1.51897123822605	0.012	0.144	1	HAUS2	c21
0.220677831432145	-1.51893814833731	0	0.017	1	INTS6-AS1	c21
0.211011184431037	-1.51852895906084	0	0.018	1	GNG4	c21
0.203327583053759	-1.51703885916154	0	0.018	1	FAM124B	c21
3.09214856419684e-09	-1.51639563892356	0.023	0.344	0.000103704478546034	UBE2B	c21
8.69425674827109e-08	-1.51535359091362	0.012	0.279	0.00291587982823516	DCUN1D5	c21
0.207898359947877	-1.51530701472721	0	0.018	1	AZIN1-AS1	c21
0.0153687548264879	-1.5149068470332	0.012	0.086	1	VCPIP1	c21
4.75096084630703e-14	-1.51436967171252	0.047	0.511	1.59337724863445e-09	CIRBP	c21
7.22184410808808e-11	-1.51358935657814	0.035	0.412	2.42206207697058e-06	PSMD1	c21
0.173092933888357	-1.51215477531448	0	0.021	1	AC022098.1	c21
2.38641482264354e-05	-1.511494121506	0.012	0.197	0.800355803218191	UBAP1	c21
0.26288543691283	-1.51124604213258	0	0.014	1	ZNF512B	c21
0.356761515810664	-1.5104551303367	0	0.01	1	AF117829.1	c21
0.249096454953219	-1.51041130189171	0	0.015	1	ZNF620	c21
1.14366768660904e-08	-1.51004313445642	0.023	0.327	0.000383563268734938	DHPS	c21
0.177747296352631	1.50932766987274	0.023	0.059	1	TAP2	c21
0.293359111374593	-1.50826388713236	0	0.013	1	PGBD4	c21
0.286477075021062	-1.50814660793754	0	0.013	1	USP31	c21
0.000663419049834831	-1.50767564046303	0.012	0.142	1	ZNF131	c21
0.00602247550073588	-1.50756341397488	0.012	0.103	1	SORL1	c21
5.44543642819822e-06	-1.50717450297643	0.012	0.219	0.182629046928912	RAB33A	c21
0.000893161477372192	-1.50647221287978	0.012	0.137	1	DPYD	c21
0.26288543691283	-1.50629000533357	0	0.014	1	FAM149B1	c21
0.183457471570068	-1.50588819387351	0	0.02	1	CH25H	c21
0.339360980452575	-1.50512473262986	0	0.011	1	AC104596.1	c21
0.211011184475902	-1.5042513321795	0	0.018	1	SLC22A5	c21
1.4541473111234e-05	-1.50346699766544	0.012	0.204	0.487691925204567	ZNF800	c21
0.227408385989127	-1.50341433186305	0	0.017	1	LINC02482	c21
0.350832122535167	-1.50239510365653	0	0.01	1	C12orf42	c21
3.42413018913149e-05	-1.50172675251119	0.012	0.191	1	RNF187	c21
2.24912218223813e-05	-1.50115669879026	0.012	0.198	0.754310597479026	CDCA5	c21
0.217399686235205	-1.50107591316795	0	0.017	1	ZNF786	c21
0.204838238253832	-1.49995946457906	0	0.018	1	ZNF575	c21
0.165748845177462	-1.49852137650518	0	0.022	1	C2CD4D	c21
0.214177888451538	-1.49810569515681	0	0.018	1	SUOX	c21
1.92257295319398e-08	-1.49685345674555	0.023	0.321	0.000644792517042197	FAM136A	c21
9.19127415833125e-08	-1.4966391507223	0.012	0.278	0.00308256952722113	AAMP	c21
0.179491261032784	-1.496404575532	0	0.021	1	TUBB6	c21
0.000662878079986871	-1.49633609177146	0.012	0.142	1	SPTLC1	c21
4.58119717436565e-05	-1.49560223293105	0.023	0.207	1	CTSS	c21
0.258854028501126	-1.49497074981277	0	0.015	1	FDX2	c21
9.15239095948248e-05	-1.49286837957447	0.012	0.175	1	NFKB1	c21
7.05787033710792e-05	-1.49229395220272	0.012	0.179	1	MAD2L1BP	c21
0.217399686235205	-1.49227435680091	0	0.017	1	PHLDA3	c21
0.480749553310333	1.49203281264499	0.012	0.023	1	RNF207	c21
4.55190316398288e-06	-1.49196930892427	0.012	0.222	0.152661728313658	APMAP	c21
0.256866302040114	-1.49167761668459	0	0.015	1	ZBTB39	c21
0.419751690475292	1.49146763378118	0.012	0.026	1	PCED1A	c21
0.237960634721686	-1.49111159352137	0	0.016	1	NEU3	c21
0.236162533252035	-1.49103390894077	0	0.016	1	AGBL2	c21
0.359776690295609	-1.49075965358317	0	0.01	1	RNF144A	c21
1.60839168155294e-06	-1.49061752637104	0.012	0.238	0.0539422402159225	DCTD	c21
0.275445242749536	-1.49057990296914	0	0.014	1	CLN5	c21
0.225703544539646	-1.49047266002184	0	0.017	1	CNNM2	c21
0.00543942363264586	-1.49013538066172	0.012	0.105	1	NDRG1	c21
0.277609189592144	-1.48993444348778	0	0.014	1	AC017083.1	c21
0.00374332179153448	-1.48917756642688	0.012	0.111	1	IGF2R	c21
0.305295221544603	-1.48916539037605	0	0.012	1	ABCB6	c21
1.30884281598347e-07	-1.48907591121498	0.012	0.273	0.00438959703624535	MCRS1	c21
0.312751953497349	-1.4886669115537	0	0.012	1	CHKA	c21
0.161045409091041	-1.48847206881022	0	0.022	1	TSTD3	c21
0.208844783304681	1.4882777613845	0.012	0.038	1	GCLC	c21
0.000454213076765178	-1.48792514947363	0.012	0.148	1	SPAG5	c21
0.356761515810664	-1.48781845879678	0	0.01	1	RYK	c21
0.262632116104158	1.48687287134716	0.012	0.034	1	TECPR2	c21
1.37185309035055e-08	-1.48623141331719	0.012	0.303	0.000460092089441766	FKBP3	c21
2.52317094098595e-16	-1.48592424128031	0.058	0.58	8.46221070187868e-12	EIF3I	c21
2.94224286588957e-08	-1.48569117530735	0.023	0.315	0.000986769412362044	UBE2S	c21
1.71883469761948e-08	-1.48508417655153	0.023	0.323	0.000576462780887621	EPRS	c21
0.0111043704233793	-1.4848366345627	0.012	0.092	1	TMEM116	c21
0.00202528659987417	-1.4845848342814	0.012	0.122	1	AGPAT5	c21
7.96595449026681e-12	-1.48309568311345	0.07	0.498	2.67162181694568e-07	CD82	c21
0.345033431324977	-1.48297426213755	0	0.01	1	ZNF354C	c21
1.78479672286792e-27	-1.48230304485226	0.36	0.986	5.98585124915444e-23	MALAT1	c21
0.198871574208864	-1.48124774994953	0	0.019	1	HARBI1	c21
0.220677831432145	-1.48112282960848	0	0.017	1	AP002490.1	c21
0.00702153338407399	-1.48058339990725	0.012	0.1	1	ABCD4	c21
0.209448111660719	-1.48038110722571	0	0.018	1	LINC02384	c21
0.269076119282885	-1.48038084532956	0	0.014	1	RTEL1	c21
0.000144777067478959	-1.48032944693695	0.012	0.168	1	CBLB	c21
8.97624592880428e-05	-1.47944296662825	0.012	0.176	1	GLUL	c21
5.40222030430919e-07	-1.47907798755967	0.012	0.253	0.0181179664565921	CARS	c21
0.470020076230954	1.4785213506143	0.012	0.024	1	RBM27	c21
0.0144454342399027	-1.47844779230118	0.012	0.087	1	CYTH4	c21
0.286477075021062	-1.47806506987372	0	0.013	1	STAM-AS1	c21
0.323059935456748	-1.47757923451515	0	0.011	1	PDCD1LG2	c21
0.23438043891713	-1.47754417111722	0	0.016	1	AJM1	c21
9.24193320405307e-10	-1.47711567949252	0.035	0.382	3.09955955797532e-05	IFI35	c21
0.288748558130288	-1.4760596752383	0	0.013	1	WDR5B	c21
0.264929604819774	-1.47506845292372	0	0.014	1	KCTD21-AS1	c21
3.88623796402483e-07	-1.47390993187092	0.023	0.28	0.0130336648837465	IL27RA	c21
0.252945623598151	-1.47360244133501	0	0.015	1	FBXW8	c21
0.222338437204214	-1.47347293180371	0	0.017	1	LRFN3	c21
0.0122943705926066	-1.47279655050413	0.012	0.09	1	INTS3	c21
1.02815576632504e-06	-1.47114675660615	0.023	0.266	0.0344822880910093	CDCA8	c21
0.0762018140505021	1.47084878320869	0.012	0.057	1	METTL2B	c21
0.209448111660719	-1.47084275436346	0	0.018	1	TMEM268	c21
0.27544524268799	-1.47048570490528	0	0.014	1	ZNF595	c21
5.94445449515225e-11	-1.46998791294385	0.047	0.434	1.99365114858416e-06	TGOLN2	c21
0.193102470514179	-1.46995360581448	0	0.019	1	TMEM121	c21
1.96073929224441e-06	-1.46967823653767	0.012	0.235	0.0657592743832931	MAP4	c21
1.1441416507946e-06	-1.46854421285262	0.012	0.243	0.0383722226843491	USP48	c21
0.235697985300518	1.4681600854574	0.012	0.036	1	FANCC	c21
0.328378131553408	-1.46806344089381	0	0.011	1	GVQW3	c21
0.13288723038605	-1.46683003900546	0	0.026	1	ST20	c21
0.342181695164253	-1.46645844018323	0	0.01	1	ZNF658	c21
0.000598832842115595	-1.46641692301978	0.012	0.144	1	PPIL3	c21
3.16731366778582e-08	-1.46621456813439	0.035	0.336	0.00106225365790201	LYAR	c21
0.215781823208715	-1.46542409871391	0	0.018	1	CUL7	c21
0.264482023539638	1.46511330236586	0.012	0.034	1	TMEM106A	c21
0.211712713757563	1.46468543389291	0.012	0.038	1	SPPL3	c21
0.00689507038400603	-1.4642854298352	0.012	0.1	1	TRAFD1	c21
0.171844125156461	-1.46394520272034	0	0.021	1	ARPC4-TTLL3	c21
2.36412409897843e-06	-1.46317280446319	0.012	0.232	0.0792879940315385	HACD3	c21
3.02501555518719e-07	-1.46311095840227	0.012	0.262	0.0101452971689868	RNF5	c21
6.83255995042629e-07	-1.46291550214022	0.035	0.293	0.0229150395617397	HIST1H1D	c21
0.317970935485016	1.4628053071412	0.012	0.031	1	ABHD4	c21
0.336570766944669	-1.46269263962136	0	0.011	1	RALGPS1	c21
0.154264635684542	-1.46201823978469	0	0.023	1	MESP1	c21
0.14991907634564	-1.4615253289937	0	0.024	1	GATD3B	c21
1.70664844116248e-07	-1.46103799758105	0.023	0.292	0.00572375754197072	PRKCSH	c21
0.00141885714420126	-1.46068289633199	0.012	0.129	1	PLOD3	c21
0.14162489877018	-1.4596611253566	0	0.025	1	FBXW9	c21
0.342181695164253	-1.45931832209162	0	0.01	1	CST3	c21
0.27117898123799	-1.4593040953648	0	0.014	1	DET1	c21
0.256866302040114	-1.458342686074	0	0.015	1	ZNF487	c21
0.282000127144938	-1.45797404779142	0	0.013	1	HCG11	c21
0.000302532945548511	-1.45777567127905	0.012	0.155	1	UBA5	c21
2.58535339410904e-08	-1.45753298298521	0.023	0.317	0.000867075821316289	SF3A1	c21
0.331079829460198	-1.45738032236852	0	0.011	1	AC008741.2	c21
0.140623873312855	-1.45718733180738	0	0.025	1	NDUFA7	c21
2.54380839813718e-07	-1.45650233055121	0.012	0.264	0.00853142460567246	DLD	c21
0.291042463397389	-1.45639358240706	0	0.013	1	AL139089.1	c21
0.2608603266199	-1.45616768081796	0	0.014	1	MDK	c21
0.00595335178712883	-1.45616537449217	0.012	0.103	1	ERBIN	c21
0.000131170230562231	-1.45590187916278	0.012	0.169	1	EML2	c21
2.70910719853735e-10	-1.45522173023749	0.058	0.437	9.08580372245458e-06	CDC25B	c21
0.286477075021062	-1.45506855699881	0	0.013	1	LACC1	c21
1.42601626687005e-13	-1.45447338995082	0.047	0.499	4.78257335582876e-09	NONO	c21
0.312751953497349	-1.45404367999615	0	0.012	1	GNG8	c21
0.310240920928682	-1.45381118756221	0	0.012	1	EME2	c21
0.000447067012054468	-1.45335578848405	0.012	0.149	1	CASP8AP2	c21
0.312751953425222	-1.45320756939491	0	0.012	1	KRBA1	c21
4.80406961500198e-07	-1.45248193039426	0.012	0.255	0.0161118886747936	HBS1L	c21
0.353780192683078	-1.45218379483201	0	0.01	1	CCDC191	c21
0.286477075021062	-1.45080975049119	0	0.013	1	AC013264.1	c21
1.73556104272734e-06	-1.45073863628544	0.012	0.237	0.0582072462509896	CDT1	c21
0.143650343054748	-1.45011256011124	0	0.024	1	SPA17	c21
2.2162518734074e-06	-1.44905638808843	0.012	0.233	0.0743286553303373	RHBDD2	c21
3.77904942282603e-09	-1.44888506751304	0.035	0.364	0.000126741759542739	PAFAH1B1	c21
0.00367599654156738	-1.44826738847158	0.012	0.112	1	RBM26	c21
0.234380438967835	-1.44767010023199	0	0.016	1	OSGIN2	c21
0.302859794907425	-1.4476314120664	0	0.012	1	PHOSPHO2	c21
0.0069984896844446	-1.4475775036755	0.012	0.1	1	MPPE1	c21
0.2608603266199	-1.44738236432148	0	0.014	1	ZNF551	c21
0.258854028558197	-1.44733355007005	0	0.015	1	DBP	c21
0.15761478105595	-1.44726729381633	0	0.023	1	TMEM251	c21
0.302859794907425	-1.44707623722334	0	0.012	1	AL390728.5	c21
0.217399686235205	-1.44697075246145	0	0.017	1	DMD	c21
0.219031635472845	-1.44691663806928	0	0.017	1	ADCK2	c21
0.271178981298372	-1.44651025295334	0	0.014	1	BTBD11	c21
2.05516788303394e-11	-1.44648407414351	0.035	0.426	6.89262204611923e-07	TRA2B	c21
1.61034614720819e-05	-1.44586902973965	0.012	0.203	0.540077890850682	CCDC32	c21
6.60069646527728e-06	-1.44564073584597	0.012	0.217	0.221374158052469	EHD1	c21
0.100253690387238	1.44537047917366	0.012	0.051	1	COMMD3	c21
2.18550215020465e-13	-1.44511244866288	0.058	0.516	7.32973711135634e-09	SELENOW	c21
0.27117898123799	-1.44504077124453	0	0.014	1	ABCG2	c21
5.92852173424327e-08	-1.44452006873453	0.023	0.306	0.00198830761923051	UHRF1	c21
7.65271820174882e-05	-1.44422303426094	0.012	0.178	1	USP22	c21
0.310240920857292	-1.44403504509145	0	0.012	1	ZNF23	c21
1.8146451531262e-05	-1.44397868755745	0.023	0.223	0.608595691455466	CBFB	c21
0.878768633300924	1.44359924715915	0.023	0.021	1	PGGHG	c21
0.260856614903527	1.44319290038112	0.012	0.034	1	ATAT1	c21
0.000296409298991126	-1.44285407744624	0.012	0.156	1	CCDC97	c21
2.92054363944108e-07	-1.44190614237401	0.012	0.262	0.00979491925795749	EIF2A	c21
0.237960634721686	-1.44068320452607	0	0.016	1	MAGI3	c21
0.157614780991351	-1.44055276404039	0	0.023	1	SPIRE1	c21
0.00210903380785731	-1.43996832150629	0.012	0.122	1	PTPN13	c21
5.59853047401885e-05	-1.43981174109249	0.012	0.183	1	ZDHHC6	c21
1.01970476037714e-05	-1.43939699241171	0.012	0.21	0.341988582535285	TMEM14A	c21
0.000209488684304517	-1.43890180938207	0.012	0.161	1	RASSF7	c21
0.273301932137377	-1.4383400930336	0	0.014	1	PLEKHM3	c21
0.00858090993596177	-1.43825144300147	0.012	0.097	1	MAN2A1	c21
0.310240920857292	-1.43748227382981	0	0.012	1	ZNF543	c21
1.53480674418412e-07	-1.43724714062438	0.012	0.271	0.00514743485864471	GID8	c21
0.241605635156164	-1.43723794433809	0	0.016	1	LY6E-DT	c21
0.000602087651309159	-1.43628432138	0.012	0.144	1	TBK1	c21
1.83946710257644e-05	-1.43618529631764	0.012	0.201	0.616920476862085	MARCH5	c21
0.174351891284202	-1.43555211110127	0	0.021	1	SPRED2	c21
6.70461335485722e-06	-1.43548237756371	0.012	0.216	0.224859322695202	MRPL46	c21
0.19028941781329	-1.4348241285732	0	0.02	1	ZNF213	c21
2.09396833267019e-12	-1.43442864615106	0.07	0.513	7.02275099410928e-08	STK4	c21
0.285433472097849	1.4328466352078	0.023	0.049	1	PILRB	c21
1.04952492237611e-05	-1.43240631406929	0.012	0.209	0.351989668466499	ACLY	c21
0.200344387255302	-1.43214723945862	0	0.019	1	KIF3C	c21
3.06091680195775e-05	-1.43150344988275	0.023	0.214	1	CEP350	c21
0.195962852169143	-1.43069582840781	0	0.019	1	MAGIX	c21
0.356761515724991	-1.43014311662106	0	0.01	1	CACNA1A	c21
0.219031635379155	-1.43008947246027	0	0.017	1	HIRA	c21
5.73770575714292e-15	-1.43005527905407	0.047	0.533	1.92431175683059e-10	VDAC1	c21
0.204838238253832	-1.42957252012385	0	0.018	1	HLF	c21
0.347916723856428	-1.4290740192367	0	0.01	1	DNHD1	c21
4.92328519879197e-05	-1.4289351449649	0.012	0.185	1	LARP4	c21
1.23477344770332e-07	-1.42862569447844	0.023	0.296	0.00414118318890741	GLG1	c21
0.302859794907425	-1.42831698472166	0	0.012	1	C15orf48	c21
0.00455321652353141	-1.42786053338939	0.012	0.108	1	AC119396.1	c21
1.55345163481996e-05	-1.42769804434269	0.012	0.203	0.520996609285919	RFXANK	c21
4.32755202936281e-05	-1.42724211196416	0.012	0.187	1	FAM120AOS	c21
1.25643769181131e-13	-1.42667889205615	0.035	0.481	4.21384073079679e-09	ILK	c21
0.317852352805662	-1.4266044557469	0	0.011	1	RUFY3	c21
0.277609189654283	-1.4264150278192	0	0.014	1	VWA5A	c21
1.0097530673007e-06	-1.42637626470615	0.012	0.244	0.033865098371131	NIFK	c21
0.353780192683078	-1.42616802853386	0	0.01	1	AC139720.1	c21
1.2386578276529e-08	-1.42556500482872	0.023	0.327	0.000415421062238229	LASP1	c21
0.230863515997362	-1.42551217017999	0	0.016	1	AC009126.1	c21
2.96889473965317e-05	-1.42446787765694	0.012	0.193	0.99570791778488	TAF10	c21
0.252945623598151	-1.42363512537562	0	0.015	1	ZNF613	c21
0.260860326562295	-1.42326946040374	0	0.014	1	PTGDS	c21
0.317852352805662	-1.42325930941301	0	0.011	1	AC011447.3	c21
0.208795566402257	1.42170997264396	0.012	0.038	1	MSC-AS1	c21
5.74722194711646e-07	-1.42159507766262	0.012	0.252	0.0192750329662392	ACTL6A	c21
1.67880481507615e-09	-1.42119660372063	0.035	0.374	5.63037558880239e-05	TNFRSF25	c21
3.14339752184953e-07	-1.42061443883482	0.023	0.283	0.010542326608779	POLR2A	c21
0.24160563520872	-1.42054188803717	0	0.016	1	RAB40C	c21
0.211011184475902	-1.42031674767395	0	0.018	1	LINC00342	c21
1.43749848244855e-11	-1.41981717051287	0.035	0.43	4.82108241043596e-07	SNRPA1	c21
0.000328189231737904	-1.4196680766628	0.012	0.154	1	OARD1	c21
0.305295221544603	-1.41958883364168	0	0.012	1	AC087623.3	c21
1.34087998725362e-06	-1.41886914206755	0.012	0.24	0.0449704330125118	ACSL5	c21
0.212587726532685	-1.41880029665041	0	0.018	1	MYO3B	c21
0.342181695164253	-1.41847160316643	0	0.01	1	CLDN15	c21
0.279794055106982	-1.41811363387139	0	0.013	1	DNAJC3-DT	c21
0.288748558065055	-1.41777282019286	0	0.013	1	ATP6V1E2	c21
0.178190678601471	-1.41709526005454	0	0.021	1	LMCD1	c21
3.85437280053841e-09	-1.41695788993746	0.047	0.383	0.000129267954984457	CFLAR	c21
0.00616846606223155	-1.41684798530501	0.012	0.103	1	FEZ2	c21
9.7541115338172e-06	-1.4164817428003	0.023	0.232	0.327133392621161	UFM1	c21
2.58634828449334e-06	-1.41556058499894	0.023	0.252	0.0867409487653377	RUNX3	c21
1.42719980543243e-08	-1.41555987130933	0.035	0.346	0.000478654270745929	ANKRD44	c21
0.860574594497207	1.41288142600204	0.012	0.014	1	ZBTB41	c21
7.62572208646342e-16	-1.41271908954817	0.093	0.638	2.5575146733581e-11	GNB2	c21
0.530291944689749	1.41089061280714	0.023	0.037	1	AC016831.5	c21
0.271641333847017	1.41055412479581	0.012	0.033	1	C1orf21	c21
3.95996495561268e-06	-1.41048498870954	0.035	0.266	0.132809304681338	CCDC47	c21
0.279794055106982	-1.4097481077699	0	0.013	1	MADCAM1	c21
0.168157593869548	-1.40787926459659	0	0.022	1	CARD9	c21
0.698619605026423	1.40772344593568	0.012	0.017	1	TSPOAP1	c21
0.000330003894775486	-1.4065491190623	0.012	0.154	1	BLMH	c21
0.239774936518949	-1.40581340380976	0	0.016	1	RFESD	c21
2.66257498654716e-05	-1.40556105254495	0.012	0.195	0.892974398988186	TMEM199	c21
0.00391336392619876	-1.40531597757754	0.012	0.111	1	TRIM11	c21
2.52185575847904e-07	-1.4048449096737	0.012	0.264	0.00845779984278701	DBF4	c21
0.191690090095991	-1.40388747521667	0	0.019	1	F12	c21
0.224013618760539	-1.40374645110714	0	0.017	1	KLF16	c21
0.307755471666043	-1.40363819388454	0	0.012	1	RGS12	c21
3.24805451110298e-06	-1.40344695664507	0.012	0.227	0.108933252193372	NMI	c21
0.219031635472845	-1.40192370481859	0	0.017	1	DYNC2LI1	c21
0.396967119551377	1.40170927571274	0.012	0.027	1	NFXL1	c21
0.298061953411382	-1.40157776556985	0	0.012	1	OSER1-DT	c21
1.22601004287766e-05	-1.40047836116783	0.012	0.207	0.41117924818031	CELF1	c21
2.87466292881573e-09	-1.40002033621254	0.023	0.345	9.6410445306622e-05	RSRC2	c21
0.00415369840677069	-1.39998262469667	0.012	0.11	1	ZRSR2	c21
0.693499924124568	1.39970040860523	0.012	0.017	1	PYCARD-AS1	c21
0.298061953411382	-1.39958762516717	0	0.012	1	SYP	c21
0.0879775740279767	1.39936281820369	0.012	0.054	1	FAM206A	c21
0.000674742883947671	-1.39774059338868	0.012	0.142	1	PLEKHO1	c21
0.377995636328419	1.39749707852817	0.012	0.028	1	JMY	c21
0.331079829460198	-1.39741016722865	0	0.011	1	MYO6	c21
0.00202852383225611	-1.39703794691151	0.012	0.122	1	TBC1D22A	c21
6.30215567090332e-07	-1.39681414426764	0.012	0.251	0.0211361696890756	PPCS	c21
0.325704985698696	-1.39662759896963	0	0.011	1	SAP25	c21
0.362826332098992	-1.39627783869868	0	0.01	1	AC006213.2	c21
0.279202633235346	1.39612572197849	0.012	0.033	1	TICRR	c21
1.98289488685259e-07	-1.39568880251011	0.047	0.331	0.00665023287152623	LPIN2	c21
0.295698829582551	-1.39565584600189	0	0.013	1	ERV3-1	c21
0.000713867358766399	-1.39554535612805	0.012	0.141	1	SCFD1	c21
0.0452401042961233	1.39431269270794	0.058	0.142	1	ANKRD13D	c21
0.122978350302072	1.39417041543227	0.058	0.119	1	FAM118A	c21
8.71379737608158e-12	-1.39414675291058	0.023	0.414	2.92243336399024e-07	SKA2	c21
0.305295221544603	-1.39411572006655	0	0.012	1	IRAK1BP1	c21
0.179491261032784	-1.39373709079922	0	0.021	1	SMYD5	c21
1.49346772977983e-06	-1.39346723078669	0.012	0.239	0.050087920721356	CCDC25	c21
0.266993080551225	-1.39310322622022	0	0.014	1	ZNF34	c21
0.222338437251883	-1.39306840911676	0	0.017	1	ZSCAN5A	c21
3.91469141523298e-06	-1.3924166409581	0.012	0.224	0.131290920684084	CDC27	c21
2.68229131565829e-05	-1.39235379458676	0.012	0.195	0.899586861445477	MRPL44	c21
0.0356529350003963	1.39178818707504	0.023	0.091	1	AC020916.1	c21
0.29812575607176	1.39177507440558	0.023	0.049	1	MHENCR	c21
0.203327583010765	-1.39156568511949	0	0.018	1	ACOT4	c21
0.237960634721686	-1.39115370070676	0	0.016	1	C12orf66	c21
2.78496403990227e-06	-1.38976478421498	0.012	0.229	0.0934021239702424	PTPN11	c21
0.339360980532741	-1.38948604626951	0	0.011	1	SH3BP5-AS1	c21
0.000207835229890421	-1.38911673427408	0.035	0.202	1	XIST	c21
0.245317027165162	-1.38838930390252	0	0.015	1	TRAF3IP1	c21
9.34119908720061e-06	-1.38751744959923	0.012	0.211	0.313285134986534	SNX10	c21
2.16437070648781e-06	-1.38688268984259	0.012	0.233	0.0725886647541881	SAP30BP	c21
6.30496109516897e-05	-1.38676301651184	0.023	0.202	1	NFAT5	c21
0.232614162065296	-1.38672659168761	0	0.016	1	SRGAP2B	c21
0.232614162065296	-1.38458029890383	0	0.016	1	STBD1	c21
8.76065738031507e-06	-1.3838681542812	0.012	0.212	0.293814927221007	TRAP1	c21
0.288748558130288	-1.38332755354495	0	0.013	1	SIAE	c21
0.282000127144938	-1.38311929000696	0	0.013	1	TFR2	c21
0.230863515997362	-1.3831151115818	0	0.016	1	AL031056.1	c21
8.83271334676651e-06	-1.38279149078616	0.012	0.212	0.296231540223855	DCP2	c21
0.469652063826253	1.3827172265483	0.047	0.069	1	PHF12	c21
0.277609189654283	-1.38254468384021	0	0.014	1	IQGAP3	c21
4.76620408249814e-07	-1.38191825304219	0.012	0.255	0.0159848952518823	C17orf49	c21
0.150992713043703	-1.3802584127903	0	0.023	1	PDCD2L	c21
0.300448825015632	-1.37990437589817	0	0.012	1	ZNF564	c21
0.00982050900996011	-1.37932032009706	0.012	0.094	1	MDC1	c21
2.0004135667144e-17	-1.37891920016508	0.105	0.692	6.70898702004677e-13	SEPT6	c21
3.84721524975276e-07	-1.37784628328829	0.023	0.28	0.0129027905046208	RSBN1L	c21
0.273301932137377	-1.37684157516323	0	0.014	1	LINC01311	c21
0.131085965047047	1.37590354172383	0.058	0.117	1	MICAL1	c21
0.284227700400528	-1.37539622833123	0	0.013	1	ZSCAN22	c21
4.49255734757169e-07	-1.37519899532559	0.012	0.256	0.0150671388322859	PRPS1	c21
0.288748558065055	-1.37505380214522	0	0.013	1	THAP7-AS1	c21
0.269076119282885	-1.37457386075318	0	0.014	1	GFOD1	c21
0.435461722447308	1.37433087065908	0.023	0.041	1	URB1	c21
0.300448824947079	-1.37413336223197	0	0.012	1	FUK	c21
0.298061953411382	-1.3739340991763	0	0.012	1	AC022211.2	c21
0.300916498126998	1.37339785272443	0.012	0.032	1	PPP1R3F	c21
0.362826332098992	-1.37274824900339	0	0.01	1	PICK1	c21
1.77634401450668e-06	-1.37251656305214	0.012	0.236	0.0595750255585249	SUDS3	c21
4.65783792390399e-11	-1.37156245684701	0.07	0.478	1.56214568291892e-06	GBP5	c21
0.19028941781329	-1.37124205523988	0	0.02	1	MRPL30	c21
0.0791405225392401	1.37066003053931	0.023	0.075	1	PUS3	c21
0.145875670907402	1.3693352025501	0.012	0.045	1	IQCE	c21
0.288748558130288	-1.36893466017741	0	0.013	1	SFT2D3	c21
0.122095998951129	1.36831355882087	0.012	0.048	1	ZNF236-DT	c21
0.325704985622711	-1.36827478971939	0	0.011	1	P3H4	c21
6.15905498583056e-10	-1.36769646578359	0.023	0.365	2.06562386114785e-05	SEPT11	c21
0.247198131474964	-1.36695610464589	0	0.015	1	AC239868.2	c21
0.356761515810664	-1.36596962751363	0	0.01	1	TTLL3	c21
9.80452000030643e-11	-1.36584100845867	0.035	0.408	3.28823991770277e-06	PHPT1	c21
0.266993080551225	-1.36564331669465	0	0.014	1	ZNF182	c21
0.213136996991941	1.3653549606446	0.012	0.038	1	ZNF134	c21
2.03575073178350e-11	-1.36521999751991	0.023	0.404	6.82750080425552e-07	UQCC2	c21
4.7677726805402e-08	-1.36489585803354	0.023	0.309	0.00159901560159957	COA6	c21
1.36028028421956e-06	-1.36453770049157	0.023	0.262	0.0456210801721555	ATG101	c21
3.55078456310752e-06	-1.3643788576616	0.012	0.226	0.1190862126775	GLRX2	c21
4.17515076081349e-05	-1.36411874594704	0.012	0.188	1	SNX9	c21
0.359776690295609	-1.36389088287878	0	0.01	1	MYH10	c21
0.000143599962603073	-1.3636454668874	0.012	0.168	1	TMEM101	c21
3.27258633256423e-11	-1.36340651925517	0.035	0.42	1.09756000421539e-06	MRPS18C	c21
0.29335911130806	-1.36283427650555	0	0.013	1	AC036176.1	c21
0.34791672377358	-1.36153867863534	0	0.01	1	AL117379.1	c21
7.58551096746766e-12	-1.36037601426859	0.047	0.458	2.5440286682693e-07	CDC123	c21
2.64299959306676e-05	-1.36021071379308	0.012	0.195	0.886409203522731	TM2D2	c21
0.317852352805662	-1.36006224654236	0	0.011	1	AC009133.3	c21
0.201829678465334	-1.35988173487876	0	0.019	1	LSM11	c21
0.252945623542642	-1.35942128300697	0	0.015	1	NRP2	c21
0.251012212592476	-1.35743803153499	0	0.015	1	ADCK1	c21
0.204838238253832	-1.35730230012932	0	0.018	1	CKB	c21
0.201829678465334	-1.35674598249757	0	0.019	1	PINX1.1	c21
0.271178981298372	-1.35670004824606	0	0.014	1	HSD11B1	c21
0.703828105411961	1.3551356766713	0.023	0.031	1	ZNF318	c21
2.32924334757701e-06	-1.35457756387245	0.012	0.232	0.0781181633910376	RRP1B	c21
0.243452930865822	-1.3545198835826	0	0.016	1	PDE6B	c21
8.49304986675909e-06	-1.35430160832375	0.012	0.213	0.284839906431366	HSPBP1	c21
0.0739289574906694	1.35371438705822	0.023	0.076	1	OTULIN	c21
0.00800107815031683	-1.35368256679763	0.012	0.098	1	CCDC186	c21
0.302859794907425	-1.35342231196062	0	0.012	1	ARHGEF19	c21
1.56467207872219e-05	-1.35325391211322	0.012	0.203	0.524759721761847	THEM4	c21
0.00399017611194477	-1.35286209320939	0.012	0.11	1	TUBGCP3	c21
0.00181686819529968	-1.35200774986079	0.012	0.124	1	REXO4	c21
0.295698829582551	-1.35174087503223	0	0.013	1	TTC39C-AS1	c21
0.55100017812649	1.35125587070113	0.012	0.021	1	ENTR1	c21
9.63595157384547e-12	-1.35106723975308	0.047	0.455	3.23170543883629e-07	TMPO	c21
0.273301932076417	-1.35100715568293	0	0.014	1	SLC25A30	c21
0.333810547719748	-1.35089003710702	0	0.011	1	AC005332.7	c21
0.438453748731534	1.35046195280629	0.023	0.041	1	PUS7	c21
0.232614162065296	-1.34994375918786	0	0.016	1	ARMC2	c21
0.328378131553408	-1.3482717330829	0	0.011	1	FER	c21
0.256866302040114	-1.3480426969457	0	0.015	1	FAM102B	c21
0.339360980532741	-1.34795456405013	0	0.011	1	MORN3	c21
0.234380438967835	-1.34593759957353	0	0.016	1	EMG1	c21
1.21248289717103e-12	-1.34553902789605	0.058	0.498	4.06642514053219e-08	TAPBP	c21
0.317852352805662	-1.34549348774419	0	0.011	1	AC242426.2	c21
0.284227700400528	-1.34537004666765	0	0.013	1	KIAA0930	c21
0.26492960476108	-1.34502102183419	0	0.014	1	FAM131A	c21
0.00100508053352919	-1.34496805998709	0.012	0.135	1	MNAT1	c21
0.239774936518949	-1.34404075911331	0	0.016	1	MPND	c21
4.68391557510086e-08	-1.34375100409376	0.023	0.309	0.00157089160557733	CCNA2	c21
0.323059935456748	-1.34369647316177	0	0.011	1	ZRANB3	c21
0.353780192683078	-1.3427896977661	0	0.01	1	TCTN1	c21
0.27544524268799	-1.34255502017195	0	0.014	1	DVL1	c21
0.419751690443437	1.34243040276443	0.012	0.026	1	ZNF790	c21
0.317852352805662	-1.34241896741101	0	0.011	1	ULK2	c21
0.00388399771061179	-1.340335570227	0.012	0.111	1	SLC16A1	c21
0.147337058822581	1.33852481415793	0.023	0.063	1	VANGL1	c21
0.252945623487132	-1.33802785007116	0	0.015	1	ZNF333	c21
0.229128317394686	-1.33737571518741	0	0.017	1	CHST2	c21
3.2528966278542e-06	-1.33686894906554	0.012	0.227	0.109095647104974	CRLF3	c21
4.47321585984463e-05	-1.33676735673234	0.012	0.187	1	DPM3	c21
2.90390620347086e-08	-1.33659584375696	0.023	0.315	0.000973912062520056	POLE4	c21
0.230863515897738	-1.33603923906895	0	0.016	1	ANXA3	c21
0.00274217470403315	-1.33488609012917	0.012	0.117	1	PARP8	c21
5.44042662784498e-05	-1.33462966434333	0.012	0.184	1	OGT	c21
1.79821520741847e-06	-1.33455939923641	0.023	0.258	0.0603085416264007	ST3GAL1	c21
0.00213921017719523	-1.33438785479697	0.012	0.122	1	DGKE	c21
0.00083965628490246	-1.33394924639221	0.012	0.138	1	DUS3L	c21
0.00316551521674269	-1.33374421467551	0.012	0.115	1	ISOC1	c21
5.55288490070955e-10	-1.33350116667188	0.023	0.366	1.86232653799997e-05	HNRNPD	c21
0.23438043891713	-1.33255570792409	0	0.016	1	MDGA1	c21
6.90910511761097e-06	-1.33227222398273	0.012	0.216	0.231717567434437	TRIM28	c21
0.0132135291314672	-1.33206147263229	0.012	0.089	1	HBP1	c21
0.209448111705202	-1.33106879169974	0	0.018	1	SERPINB8	c21
0.000676487139328664	-1.33094179768858	0.012	0.142	1	DUSP6	c21
4.69125089429329e-07	-1.32964755290462	0.047	0.318	0.0157335172492808	SPTBN1	c21
0.237960634721686	-1.32932396728895	0	0.016	1	HTD2	c21
3.78316266521745e-05	-1.32878162303015	0.012	0.189	1	SDAD1	c21
0.000111085233796437	-1.32757036484633	0.012	0.172	1	ARAF	c21
0.241605635156164	-1.32716364153924	0	0.016	1	PATZ1	c21
0.342181695164253	-1.32697882808821	0	0.01	1	ZNF486	c21
0.00473350457828544	-1.32612286312051	0.012	0.107	1	NUP155	c21
0.269863670037342	1.3261191994185	0.012	0.033	1	HIVEP1	c21
0.28200012727164	-1.32602056924565	0	0.013	1	PRRT3	c21
0.288748558130288	-1.32544624247543	0	0.013	1	ZNF225	c21
0.342181695164253	-1.32424467222607	0	0.01	1	FAM228B	c21
2.94374676879238e-05	-1.32424022310848	0.012	0.193	0.98727379131759	VPS26B	c21
6.21717535874459e-13	-1.32374639678288	0.081	0.545	2.08511627181576e-08	AHNAK	c21
0.266993080491976	-1.32296316969247	0	0.014	1	ZNF670	c21
0.339360980532741	-1.32274945933372	0	0.011	1	CTSO	c21
1.08254292855439e-07	-1.32270086024716	0.035	0.319	0.00363063247378571	SCAF11	c21
0.000419222188527676	-1.32221417413948	0.012	0.15	1	AP3M2	c21
0.121295831871894	1.32204191431911	0.012	0.048	1	CBWD1	c21
0.00481720481670445	-1.32092552251951	0.012	0.107	1	PHACTR4	c21
7.61163471938699e-08	-1.32086882166278	0.023	0.303	0.00255279005218801	ACAP2	c21
0.225703544442625	-1.32058035531285	0	0.017	1	FANCE	c21
0.00171024826384938	-1.32037498903572	0.012	0.125	1	PIP5K1A	c21
0.26615983082354	1.31949758040281	0.012	0.034	1	DEPDC5	c21
0.00577713994512068	-1.31945272138772	0.012	0.104	1	GTF2H3	c21
5.41669615997725e-08	-1.31916049802623	0.023	0.307	0.00181665155813317	TACC1	c21
0.123143674046617	1.31881123293628	0.07	0.136	1	HDAC7	c21
0.279794055106982	-1.31742015256607	0	0.013	1	ZNF765	c21
1.91083286960958e-05	-1.31728693433216	0.023	0.221	0.640855127809662	CARD11	c21
1.34209594861565e-06	-1.31642847332042	0.012	0.24	0.0450112139246717	PIGT	c21
0.277609189592144	-1.31633297485381	0	0.014	1	GOLGA8N	c21
0.000230492760442939	-1.31630571923646	0.012	0.16	1	TIMMDC1	c21
0.350832122535167	-1.31621280503768	0	0.01	1	NEK8	c21
1.05105992495443e-05	-1.31588753530765	0.012	0.209	0.352504477631217	VPS4B	c21
0.000478015927054282	-1.31501362148744	0.012	0.148	1	AAAS	c21
0.258854028501126	-1.31468036376582	0	0.015	1	AC015912.3	c21
0.266993080551225	-1.31401030218312	0	0.014	1	ROM1	c21
0.662575791986799	1.31354779906741	0.012	0.018	1	UBN2	c21
2.79045364951981e-11	-1.31287218686339	0.035	0.422	9.35862344975953e-07	SF3A2	c21
2.27381541460346e-07	-1.31279756134487	0.012	0.265	0.00762592213749709	GOT2	c21
0.118927364775735	1.31257351135812	0.012	0.048	1	ADNP2	c21
0.258854028558197	-1.31241909820321	0	0.015	1	ZNF846	c21
0.0130538555407696	-1.31226700879741	0.012	0.089	1	HACL1	c21
0.291042463397389	-1.3104092825955	0	0.013	1	WDR35	c21
0.300448825015632	-1.3083217138938	0	0.012	1	YPEL1	c21
3.59437009442972e-05	-1.30828541152548	0.012	0.19	1	CDCA7	c21
0.211011184475902	-1.30793495681425	0	0.018	1	XYLB	c21
0.210897491225107	1.30776514747928	0.035	0.072	1	ZC3H7B	c21
0.271178981298372	-1.30676278153943	0	0.014	1	KCNK5	c21
0.000490984166094187	-1.30573794710463	0.023	0.168	1	PRRC2B	c21
0.325704985698696	-1.30564068399579	0	0.011	1	ZNF436	c21
1.01023485307557e-05	-1.30529894745593	0.012	0.21	0.338812565024486	PTPRE	c21
0.269076119163261	-1.30523802953721	0	0.014	1	ANKRD33B	c21
0.00335731799354664	-1.30466210630074	0.012	0.114	1	PCF11	c21
0.459860819972826	1.30405017716753	0.012	0.024	1	ABCC4	c21
7.65914191719466e-07	-1.30389595891697	0.012	0.248	0.0256872301618875	CCDC90B	c21
0.000147365247586228	-1.3031697609125	0.012	0.167	1	MT1E	c21
8.98836790374403e-07	-1.30282562791352	0.012	0.246	0.0301451882755767	SNAP47	c21
1.72112744260388e-07	-1.30223110199257	0.012	0.269	0.00577231721700489	DRG1	c21
0.00286813482543036	-1.30179147705269	0.012	0.116	1	BAG4	c21
0.323059935456748	-1.30117797586114	0	0.011	1	RBM26-AS1	c21
0.00013672233866051	-1.30036745808761	0.012	0.169	1	GGT1	c21
0.28200012727164	-1.29983362680372	0	0.013	1	DPF3	c21
9.44906965322846e-05	-1.2992588975064	0.012	0.175	1	ACOT9	c21
0.000166397613281798	-1.29645339818572	0.012	0.165	1	TIMM22	c21
1.01440642901787e-07	-1.29630210208391	0.012	0.277	0.00340211628164013	BCAS2	c21
0.323059935381559	-1.29592325538052	0	0.011	1	ZIK1	c21
0.215781823162675	-1.29580561405204	0	0.018	1	ZNF81	c21
1.03177205458807e-08	-1.29575462442787	0.023	0.329	0.000346035711667748	HSPA4	c21
9.18312652983948e-07	-1.29534966150411	0.023	0.268	0.0307983697557756	CEP57	c21
0.214177888360249	-1.29469508618171	0	0.018	1	MINCR	c21
0.273301932137377	-1.2941800849687	0	0.014	1	SPEF2	c21
4.33058900096162e-07	-1.29357343142865	0.035	0.299	0.0145239293914251	FOXP1	c21
0.311411966276759	1.29288200068097	0.012	0.031	1	FBRSL1	c21
0.302859794907425	-1.29276868227677	0	0.012	1	FAM215B	c21
0.0787303430426893	-1.29269422201799	0.012	0.056	1	HMBOX1	c21
0.28200012727164	-1.29220368224617	0	0.013	1	CSRNP2	c21
0.188404097896215	1.29132498474255	0.023	0.058	1	GOLPH3L	c21
0.269076119223073	-1.29109791899147	0	0.014	1	CD33	c21
0.000205548794371172	-1.29085713961959	0.012	0.162	1	ATAD5	c21
0.0126013988611584	-1.2904265886789	0.012	0.09	1	CAPN15	c21
0.000352452918766054	-1.2902543014051	0.012	0.153	1	FGFR1OP	c21
5.72938032522786e-05	-1.2897775261879	0.012	0.183	1	SEC63	c21
0.305295221544603	-1.28958920838355	0	0.012	1	BEX5	c21
0.288716322033516	1.2883871885074	0.023	0.049	1	PANX1	c21
4.24302765275359e-05	-1.28824378680264	0.035	0.229	1	CAMK4	c21
0.286477074956465	-1.28802614322456	0	0.013	1	LINC00265	c21
9.11047366319772e-11	-1.2880074211213	0.035	0.408	3.05547065716325e-06	SFXN1	c21
0.176900659824647	-1.28599951513906	0	0.021	1	FAM161A	c21
0.00794806914956042	-1.28595575926671	0.012	0.098	1	UBE4B	c21
0.111821673001438	1.28594118618035	0.023	0.068	1	FBH1	c21
0.0381737662977278	1.28404965964051	0.023	0.089	1	NPLOC4	c21
0.247198131420958	-1.28395525686439	0	0.015	1	TNKS1BP1	c21
2.53011756456732e-12	-1.28233324142177	0.058	0.49	8.48550828804588e-08	ATP1A1	c21
7.14929361082003e-09	-1.28221389630866	0.023	0.334	0.000239773009119682	DARS	c21
0.250093691543121	1.28191621685017	0.023	0.052	1	SFMBT2	c21
0.207401616994569	1.28179381218901	0.012	0.038	1	CARD6	c21
0.307755471736708	-1.28132047874218	0	0.012	1	FIZ1	c21
0.264929604819774	-1.28108194957603	0	0.014	1	ZNF438	c21
0.331079829382582	-1.28085927325105	0	0.011	1	ZNF682	c21
0.000141570226243368	-1.27885776209062	0.012	0.168	1	TMEM204	c21
0.237960634618446	-1.27729857312718	0	0.016	1	BBS12	c21
0.264929604819774	-1.27589018397719	0	0.014	1	IBA57	c21
8.99110116914097e-07	-1.27474526887557	0.012	0.246	0.030154355101065	OXLD1	c21
5.88111218168556e-08	-1.27427406427814	0.035	0.328	0.0019724074034937	CLINT1	c21
8.95772494199444e-12	-1.27386383789771	0.035	0.436	3.0042417910461e-07	KXD1	c21
0.307755471736708	-1.27370884234657	0	0.012	1	SCD5	c21
4.57579250265547e-05	-1.27316070125193	0.012	0.186	1	LEPROT	c21
1.44156859003099e-14	-1.27299574121424	0.07	0.569	4.83473273724594e-10	ZYX	c21
0.331079829382582	-1.27200931377249	0	0.011	1	DGKQ	c21
0.000520600598024982	-1.27176286449354	0.012	0.146	1	CDK10	c21
0.300448825015632	-1.27093316723276	0	0.012	1	FBXO41	c21
0.230863515997362	-1.26978713886839	0	0.016	1	AC009309.1	c21
0.260860326562295	-1.26886709051116	0	0.014	1	ZDHHC9	c21
0.399580803543142	1.26758589587236	0.012	0.027	1	ZNF324	c21
0.273301932137377	-1.26756774861733	0	0.014	1	MAP3K7CL	c21
0.320442535820421	-1.26735078269544	0	0.011	1	KCNQ5	c21
0.193102470514179	-1.26712634731406	0	0.019	1	PARS2	c21
2.68197938095009e-07	-1.26657144807765	0.012	0.263	0.00899482244783041	WDR18	c21
0.0305046934754728	1.26616036529003	0.023	0.094	1	ITPK1	c21
0.336570766865367	-1.2661508448214	0	0.011	1	NAGS	c21
1.02427303438082e-07	-1.26564466915857	0.023	0.299	0.00343520690270639	METAP2	c21
0.00137658792651241	-1.26481191515309	0.012	0.129	1	SGF29	c21
0.279794055106982	-1.26467853026663	0	0.013	1	CR381653.1	c21
0.000604223130705487	-1.26334538020921	0.012	0.144	1	OTUD6B-AS1	c21
0.191690090136191	-1.26303152698996	0	0.019	1	LINC01806	c21
2.8456175379009e-10	-1.26220165078782	0.035	0.396	9.54363209861204e-06	KRAS	c21
9.90493428645747e-07	-1.26117766358275	0.023	0.267	0.033219168609921	TOMM40	c21
1.38252188443613e-05	-1.26094822213424	0.012	0.205	0.463670189602188	GOPC	c21
3.78342376249182e-11	-1.26082855299894	0.081	0.5	1.26888466146451e-06	MBNL1	c21
0.302859794838178	-1.25994591158661	0	0.012	1	DPY19L3	c21
0.258854028558197	-1.25972751738567	0	0.015	1	AL450326.1	c21
0.2608603266199	-1.25944151891609	0	0.014	1	ZNF674-AS1	c21
1.17519717042188e-05	-1.25936226940748	0.012	0.208	0.394137627016089	GPR65	c21
0.273301932137377	-1.25878799138772	0	0.014	1	SIGLEC9	c21
2.27240213188907e-05	-1.2586585491487	0.012	0.197	0.762118226992956	FANCI	c21
0.288748558130288	-1.25807248283392	0	0.013	1	ZNF35	c21
0.275445242749536	-1.25706203482402	0	0.014	1	RAB23	c21
0.00577412868889932	-1.25694131354233	0.012	0.104	1	ZZEF1	c21
0.302859794838178	-1.25663606288302	0	0.012	1	AC245140.2	c21
3.04210581062936e-05	-1.25652377834138	0.012	0.193	1	SYTL1	c21
2.05718307993788e-10	-1.25540194961106	0.047	0.422	6.89938061349566e-06	ELAVL1	c21
0.0049229111649956	-1.25510023442026	0.012	0.107	1	ZNF143	c21
0.266993080551225	-1.25433646312501	0	0.014	1	ZNF287	c21
0.219031635472845	-1.25367382958832	0	0.017	1	SPHK1	c21
5.10907182621247e-06	-1.253339288573	0.012	0.22	0.171348050907514	FNTA	c21
0.29335911130806	-1.2529851178267	0	0.013	1	AC099778.1	c21
0.000882003718611272	-1.25247194548189	0.012	0.137	1	INPP5K	c21
0.190978124926244	1.25243749928214	0.035	0.075	1	DENND4B	c21
0.0117491839828115	-1.25226505390295	0.012	0.091	1	ZBTB11	c21
1.21537693147982e-08	-1.25041676020436	0.035	0.349	0.000407613115279703	GBP1	c21
0.00589959087291597	-1.24996115155442	0.012	0.103	1	POLQ	c21
4.63879149597738e-06	-1.24892249398423	0.023	0.244	0.155575789192089	MED28	c21
0.212587726487432	-1.24873789201275	0	0.018	1	C19orf54	c21
1.49524924261835e-05	-1.24808946662034	0.012	0.204	0.501476690989343	ELP5	c21
8.21507197451252e-06	-1.24452926477734	0.047	0.276	0.275517083881201	FNBP4	c21
0.331079829382582	-1.2440130068314	0	0.011	1	Z93241.1	c21
0.310240920928682	-1.24355623911745	0	0.012	1	MMP25	c21
0.0542650285018689	1.24329606523075	0.035	0.101	1	PSEN1	c21
1.72199673260278e-05	-1.24319578329202	0.023	0.224	0.57752326418032	UBTF	c21
0.0107082874385766	-1.2429936184399	0.012	0.093	1	AC008105.3	c21
0.000127113737686972	-1.24277890685299	0.012	0.17	1	RASSF2	c21
0.180802514444841	-1.24262485051854	0	0.02	1	GCAT	c21
0.520486339762191	1.24259853905926	0.023	0.037	1	GIGYF1	c21
0.362826332098992	-1.24250092596442	0	0.01	1	AL445472.1	c21
0.26288543691283	-1.2419873267634	0	0.014	1	MAN1B1-DT	c21
0.411065463554802	1.24154259360049	0.012	0.026	1	MANEA-DT	c21
0.00682322329439913	-1.24150032944586	0.012	0.101	1	TBC1D2B	c21
9.30969265661002e-08	-1.24091953383634	0.023	0.3	0.00312228472317387	RILPL2	c21
0.362826332098992	-1.24028513659193	0	0.01	1	ZNF304	c21
2.61252742640695e-05	-1.23988779391408	0.012	0.195	0.876189448268362	ABI3	c21
4.28359759834789e-13	-1.23984775915274	0.081	0.551	1.43663296253391e-08	ACADVL	c21
0.312751953497349	-1.23915149582044	0	0.012	1	AL355472.1	c21
4.34378603875334e-12	-1.23875447472192	0.058	0.487	1.4568189616771e-07	TBC1D10C	c21
0.00386532431656951	-1.23773031559398	0.012	0.111	1	MND1	c21
3.95647974692694e-14	-1.2371773836792	0.105	0.61	1.32692417752436e-09	ANKRD12	c21
0.161380167241798	-1.23674233444821	0.012	0.042	1	TRAV26-2	c21
1.04496549796498e-05	-1.23662361851465	0.012	0.21	0.350460528707497	YKT6	c21
0.000336059106831618	-1.23597153518968	0.012	0.154	1	ENO2	c21
0.286477075021062	-1.23454617173042	0	0.013	1	CACNB1	c21
0.336570766944669	-1.23422409126184	0	0.011	1	ZSWIM6	c21
0.00120535850085437	-1.23324289330056	0.012	0.132	1	MIA3	c21
1.37239816504572e-08	-1.23260394432689	0.023	0.326	0.000460274896593035	TES	c21
1.99260817637242e-10	-1.23249384934354	0.035	0.399	6.68280930191782e-06	MTPN	c21
9.92875448468237e-09	-1.23175066015625	0.035	0.351	0.000332990567907277	LMNB1	c21
0.273301932137377	-1.23152483311406	0	0.014	1	SESTD1	c21
9.35399324774503e-09	-1.23084781884105	0.058	0.391	0.000313714225542873	FABP5	c21
9.66137724654942e-05	-1.23069587069024	0.012	0.174	1	NME6	c21
0.00309281740702662	-1.23069194098127	0.012	0.115	1	MGRN1	c21
0.00765302829434136	-1.2303761513982	0.012	0.099	1	POLH	c21
0.254896910945444	-1.22995486443362	0	0.015	1	ZNF529-AS1	c21
2.47229077149159e-05	-1.22971168609221	0.012	0.196	0.829156878942849	NCBP3	c21
0.201829678465334	-1.22965278705138	0	0.019	1	AC107871.1	c21
0.00126423175313138	-1.22952871386435	0.012	0.131	1	ARAP2	c21
0.359776690295609	-1.22941624643282	0	0.01	1	LINC02361	c21
0.345033431324977	-1.22921753236754	0	0.01	1	WDPCP	c21
0.356761515724991	-1.22896657264221	0	0.01	1	WDR19	c21
0.00207225254408076	-1.22802800888245	0.012	0.122	1	SLC39A10	c21
0.217399686188765	-1.22779113269983	0	0.017	1	C9orf66	c21
0.000599519745250393	-1.22628725577797	0.023	0.165	1	EPB41	c21
0.256866302040114	-1.22550891926847	0	0.015	1	KCNK12	c21
0.229128317394686	-1.22550291039211	0	0.017	1	RARA-AS1	c21
6.14701724339273e-05	-1.22526550393678	0.012	0.182	1	SYT11	c21
0.164217701866824	1.22513890454949	0.012	0.042	1	MCU	c21
0.214177888451538	-1.22511364388079	0	0.018	1	ARL6	c21
1.49796758014777e-06	-1.22374485063154	0.023	0.261	0.050238836702996	POP5	c21
0.305295221544603	-1.22345356718311	0	0.012	1	EFNB1	c21
0.192695343310532	1.22334912323916	0.012	0.039	1	NCK2	c21
3.65322016505955e-07	-1.22297139181801	0.023	0.281	0.0122521697895767	PLSCR1	c21
0.00250804557926775	-1.22152659401549	0.012	0.119	1	LDLR	c21
7.24430545160429e-05	-1.22092497734172	0.012	0.179	1	PSMD10	c21
3.47724316363637e-14	-1.2201286072538	0.116	0.638	1.16619781222037e-09	MTDH	c21
0.00016056725503495	-1.219956253162	0.012	0.166	1	ELF2	c21
0.315288963061402	-1.21935800988785	0	0.012	1	P2RY11	c21
0.310240920928682	-1.21884694026921	0	0.012	1	CDKL1	c21
6.68159938208301e-06	-1.21794411671585	0.023	0.238	0.2240874800763	UBR4	c21
0.00104822073805049	-1.21783957901824	0.012	0.134	1	ZNF217	c21
0.00915608229385359	-1.21747807805794	0.012	0.095	1	SUPV3L1	c21
1.26546625063991e-07	-1.21669544174491	0.012	0.274	0.00424412071139613	ACAA2	c21
0.227408385989127	-1.21631244338281	0	0.017	1	RBPMS	c21
3.19188354336056e-07	-1.21596663279281	0.023	0.283	0.0107049390277226	TACC3	c21
0.211662856746749	1.21590317390383	0.012	0.038	1	SIK3	c21
0.204838238210473	-1.21545873860358	0	0.018	1	EGFL7	c21
0.262570961991341	1.21538630181138	0.012	0.034	1	ADCY3	c21
0.234059795452188	1.21525679536919	0.012	0.036	1	FAM213B	c21
0.323059935381559	-1.21251137048061	0	0.011	1	SELENON	c21
0.390085123292911	-1.21200209833776	0.012	0.027	1	TRBV6-1	c21
0.00110965426217332	-1.21123132674222	0.012	0.133	1	BRD8	c21
2.72331820410305e-06	-1.21010635789689	0.047	0.293	0.0913346459292079	SYNE2	c21
0.0673188060636955	1.20958964871585	0.012	0.059	1	ST3GAL2	c21
0.214177888405894	-1.20944991887257	0	0.018	1	AC090825.1	c21
3.08052305324685e-12	-1.20937206085042	0.07	0.51	1.03314582159793e-07	MYO1G	c21
0.279794055106982	-1.2088861602166	0	0.013	1	NBPF3	c21
0.00116522043365574	-1.20840779295637	0.012	0.132	1	MAP2K2	c21
0.000201065445964379	-1.20821364415667	0.012	0.162	1	FOXM1	c21
0.909536546569579	1.20770329192265	0.012	0.013	1	ANO9	c21
3.46122885222291e-08	-1.20723401917695	0.023	0.313	0.00116082693245852	GRAP2	c21
0.00223644681228945	-1.20712942237263	0.012	0.121	1	KAT8	c21
0.000188493406270375	-1.20676771286623	0.023	0.185	1	NCOA3	c21
0.291042463397389	-1.20659564852746	0	0.013	1	AC017002.1	c21
0.291042463397389	-1.20561781833407	0	0.013	1	ZNF416	c21
0.366731886562279	1.20486544802403	0.035	0.06	1	LRP8	c21
0.32044253567161	-1.20373952063286	0	0.011	1	AP002884.1	c21
0.000411486307498239	-1.20360938931139	0.012	0.15	1	SOS1	c21
3.99640322576279e-05	-1.20319453116482	0.012	0.189	1	SEC31A	c21
0.249096454953219	-1.20248535611499	0	0.015	1	AL163051.1	c21
3.77189957685754e-07	-1.20159465814032	0.023	0.281	0.0126501968008648	BAD	c21
7.42474289106379e-11	-1.20141221808337	0.035	0.412	2.49011027080497e-06	UPP1	c21
0.00153562277250631	-1.2009577663152	0.012	0.127	1	MYO19	c21
0.312751953497349	-1.20091913449168	0	0.012	1	AL691432.2	c21
6.99103094002055e-05	-1.20085327522014	0.023	0.201	1	CHD8	c21
0.271178981177607	-1.20041430430381	0	0.014	1	CIPC	c21
1.80394085476231e-08	-1.20032078819355	0.035	0.344	0.000605005683870182	CDK6	c21
0.0566953245536705	-1.19938035420874	0.012	0.062	1	LEMD3	c21
2.38899377544879e-07	-1.19882975209346	0.023	0.287	0.00801220732410016	TXNRD1	c21
0.254896910945444	-1.19858284803965	0	0.015	1	HK2	c21
1.58202557924661e-06	-1.1985037580873	0.012	0.238	0.0530579738767727	LSM12	c21
0.00115872128674933	-1.19841620136471	0.012	0.132	1	XRCC1	c21
0.258854028558197	-1.19779265683707	0	0.015	1	CLCF1	c21
0.300448825015632	-1.19776509422979	0	0.012	1	RPH3AL	c21
1.93504191305164e-06	-1.19707914096938	0.023	0.257	0.0648974356799258	GTF2E2	c21
2.78912599630203e-06	-1.19694890021749	0.012	0.229	0.0935417076639777	DNAJC2	c21
0.236162533252035	-1.19628399922802	0	0.016	1	ITSN1	c21
0.269076119223073	-1.19609877147356	0	0.014	1	ICA1L	c21
5.43578852764416e-05	-1.19602557629882	0.012	0.184	1	DLGAP5	c21
0.315288963061402	-1.19584523217048	0	0.012	1	ZBTB26	c21
0.328378131553408	-1.19539780281445	0	0.011	1	ZNF628	c21
2.04846728782687e-11	-1.19476864177981	0.035	0.426	6.87014958991377e-07	REX1BD	c21
0.0205265035695643	1.19464706927465	0.035	0.121	1	OAZ2	c21
0.362440047787176	1.19462733606007	0.012	0.028	1	FOXK1	c21
1.30705612891811e-09	-1.19348868262578	0.035	0.378	4.38360484516557e-05	ZMAT2	c21
0.0003996155437259	-1.19347225524607	0.023	0.172	1	KRI1	c21
5.43831622320937e-07	-1.19327177103446	0.047	0.318	0.0182390249493996	DNAJC7	c21
0.336570766944669	-1.19309657175953	0	0.011	1	LNX2	c21
0.428449304499667	1.19307763703428	0.012	0.025	1	TTBK2	c21
2.40686711659664e-07	-1.19287200867652	0.023	0.287	0.0080721509356418	PMPCB	c21
2.55234243735876e-05	-1.19267604681813	0.012	0.196	0.856004606641382	CDK5	c21
0.258854028558197	-1.19231775189724	0	0.015	1	TMEM217	c21
0.00775776774286614	1.19211596746862	0.035	0.14	1	INPP4A	c21
0.00117033745198432	-1.19196006371373	0.012	0.132	1	TMEM106B	c21
0.298061953411382	-1.1907421449954	0	0.012	1	SAV1	c21
0.194526682747295	-1.19034896833884	0	0.019	1	FKBP7	c21
1.16377807735261e-05	-1.19013037677058	0.023	0.23	0.39030789158252	HIRIP3	c21
0.28200012727164	-1.18967368926985	0	0.013	1	AL118558.3	c21
0.667142922454336	1.18954894540485	0.012	0.018	1	AMPD3	c21
0.00276014540689635	-1.18845863272135	0.012	0.117	1	HIST1H3B	c21
0.00370122317639088	-1.1881989974904	0.012	0.112	1	KNOP1	c21
0.0269504167456337	1.18777489358096	0.035	0.115	1	PTPN9	c21
1.74308189631961e-05	-1.18748833861867	0.023	0.223	0.584594806387669	ARHGAP25	c21
0.320442535820421	-1.18607296894082	0	0.011	1	MIRLET7BHG	c21
0.00281549501513437	-1.18563488407115	0.012	0.117	1	RERE	c21
0.000106437397592697	-1.18530177443847	0.012	0.173	1	PABPC4	c21
0.000426986155764237	-1.18513383713229	0.012	0.15	1	EP400	c21
0.105220581910609	1.18438770434316	0.023	0.069	1	ZNF282	c21
0.279794055106982	-1.18370967212347	0	0.013	1	CCNJ	c21
0.367099996577418	1.18290260058859	0.012	0.028	1	CCDC142	c21
0.193102470554715	-1.18233307535162	0	0.019	1	CHRNA5	c21
0.229128317345313	-1.18211269649267	0	0.017	1	IMPA2	c21
0.000320587420457651	-1.18166360944911	0.012	0.154	1	CTBS	c21
0.353780192683078	-1.17858374516049	0	0.01	1	AC020659.1	c21
0.0162038002292007	-1.17824774337939	0.012	0.085	1	ANKRD36B	c21
6.90227513921806e-08	-1.17808897958105	0.047	0.346	0.00231488503619095	EPC1	c21
0.00210303339585859	-1.17787787567234	0.012	0.122	1	ATP6V1C1	c21
0.335839533115709	1.17781832855994	0.012	0.03	1	TTC16	c21
0.260860326562295	-1.17742849320325	0	0.014	1	FHL2	c21
0.305295221474652	-1.17685664533269	0	0.012	1	AGER	c21
4.47576849351834e-05	-1.17624886620383	0.012	0.187	1	C16orf87	c21
0.255346540752917	1.17594510790459	0.023	0.052	1	TAF1	c21
0.776591585866551	1.1748903550593	0.012	0.016	1	CLN8	c21
0.0015230373610082	-1.17482257117636	0.012	0.128	1	IFNGR1	c21
0.000465141421122777	-1.17468037573316	0.012	0.148	1	BCL11B	c21
0.144446043791069	1.1734851433629	0.023	0.063	1	KLF10	c21
0.0127173489156638	-1.17336065056792	0.012	0.089	1	MON2	c21
2.11430591443969e-06	-1.17300868406035	0.012	0.234	0.0709095917584783	ENOPH1	c21
0.405415829840263	1.17200466099993	0.012	0.026	1	ATP6V0A1	c21
2.23799410822751e-05	-1.17175743060328	0.012	0.198	0.750578464017343	ORAI2	c21
0.331079829460198	-1.1696580625876	0	0.011	1	SLC30A4	c21
0.000104060564321763	-1.16960010615747	0.012	0.173	1	PPP1CB	c21
0.0589462125755814	1.16947027045792	0.07	0.154	1	GRIPAP1	c21
0.2608603266199	-1.16936219365631	0	0.014	1	PAQR3	c21
0.230863515997362	-1.1693616544793	0	0.016	1	DNLZ	c21
0.178190678564449	-1.1683010909573	0	0.021	1	GCSH	c21
0.211011184475902	-1.16737816558216	0	0.018	1	RGS18	c21
0.305295221474652	-1.16640549123125	0	0.012	1	TIGD5	c21
0.25686630198357	-1.1653613733807	0	0.015	1	ABHD14A	c21
0.000112767577067275	-1.16525796511114	0.012	0.172	1	USP47	c21
3.70772296148559e-05	-1.16483178914785	0.023	0.211	1	CSNK1D	c21
0.000162657265803808	-1.16476988330685	0.012	0.166	1	HERPUD2	c21
0.359776690295609	-1.16219420428695	0	0.01	1	CERNA1	c21
0.00891407355172431	-1.16105232065072	0.012	0.096	1	POM121	c21
0.27510666814366	1.16105097775932	0.012	0.033	1	POT1	c21
5.01946573826795e-05	-1.16098959788689	0.012	0.185	1	GPN3	c21
3.56869820000555e-09	-1.16061406742829	0.035	0.365	0.000119687000231786	ZNF593	c21
6.87146512559074e-05	-1.16016128868001	0.012	0.18	1	PHKG2	c21
0.305295221474652	-1.15937228693243	0	0.012	1	AL358472.2	c21
9.31994841946774e-10	-1.15871405628851	0.035	0.382	3.12572430092109e-05	SCAMP3	c21
5.23644429731837e-06	-1.15865661936823	0.012	0.22	0.175619868843463	NUP62	c21
0.251012212647478	-1.15828184900108	0	0.015	1	EEPD1	c21
0.251012212647478	-1.15778951901709	0	0.015	1	PACRGL	c21
0.333810547719748	-1.15764858612823	0	0.011	1	LINC00957	c21
0.291042463397389	-1.15741602844001	0	0.013	1	SLC41A2	c21
0.38360143985119	1.15740937561448	0.023	0.043	1	DUSP2	c21
0.323059935381559	-1.15696189344925	0	0.011	1	GNB4	c21
0.317852352805662	-1.15675235675675	0	0.011	1	HEATR5A	c21
0.325704985698696	-1.15655510076079	0	0.011	1	AP1S3	c21
0.0018601002214994	-1.15619814017773	0.012	0.124	1	RC3H1	c21
1.29290067510756e-05	-1.1555136877502	0.023	0.228	0.433613028417573	YIPF4	c21
0.359776690295609	-1.1554498993733	0	0.01	1	AC034236.2	c21
0.241605635156164	-1.15495010299401	0	0.016	1	CHKB-DT	c21
0.00403195662879251	-1.15356849014842	0.012	0.11	1	PDE7A	c21
0.288748558065055	-1.15330504989447	0	0.013	1	PACS2	c21
0.317852352805662	-1.15264978859779	0	0.011	1	ZNF852	c21
0.353780192683078	-1.15242849374999	0	0.01	1	RAPH1	c21
0.302859794907425	-1.15193379538422	0	0.012	1	LINC01358	c21
0.098925074552671	1.15110802175256	0.012	0.052	1	PRDM4	c21
0.00542855692968989	-1.15104921883562	0.012	0.105	1	TRAF4	c21
0.00194079229341395	-1.15084031678288	0.012	0.123	1	NBEAL1	c21
0.282557902296773	-1.15065586476523	0.012	0.032	1	TRBV12-4	c21
0.317852352805662	-1.14960590678229	0	0.011	1	USP35	c21
0.000184270141942698	-1.14932388640426	0.012	0.164	1	GSK3B	c21
2.54940408611076e-05	-1.1488245960297	0.012	0.196	0.855019142399826	NDC80	c21
0.183457471570068	-1.14645247137225	0	0.02	1	SPR	c21
0.115786832666678	1.14614316038994	0.012	0.049	1	AKAP1	c21
0.266993080551225	-1.14534522790733	0	0.014	1	AC062017.1	c21
6.09338026222883e-06	-1.14424661685996	0.012	0.218	0.204359787234631	LUC7L	c21
0.00135442002831918	-1.14394046890271	0.012	0.13	1	IKBKB	c21
0.000343356311591473	-1.14359570806089	0.012	0.153	1	BAG2	c21
0.362826332098992	-1.14355924931341	0	0.01	1	EGR1	c21
0.00180179528604325	-1.14215927051863	0.023	0.145	1	NEDD9	c21
0.286477075021062	-1.14211993135293	0	0.013	1	CCZ1B	c21
1.23339617259699e-08	-1.14201415331564	0.023	0.327	0.000413656408365578	MRPL58	c21
0.333810547719748	-1.1417825655241	0	0.011	1	B3GNT10	c21
0.523213283619992	1.14108879599628	0.012	0.022	1	NDUFV2-AS1	c21
3.42229190761709e-09	-1.14094972490394	0.035	0.366	0.000114776825997662	SAE1	c21
8.40543105332053e-05	-1.14064588248828	0.012	0.177	1	ERCC3	c21
0.115814791865444	1.14059303309156	0.012	0.049	1	IGHMBP2	c21
8.36810368209573e-13	-1.13951442981367	0.058	0.503	2.80649461290126e-08	CARHSP1	c21
0.347916723856428	-1.13927252703449	0	0.01	1	ARRDC3	c21
0.00216709215882582	-1.13866853913323	0.012	0.121	1	KIAA1109	c21
0.288748558130288	-1.13847808282044	0	0.013	1	AC021028.1	c21
0.325704985698696	-1.13752729840539	0	0.011	1	ANKRD42	c21
0.00084738198889989	-1.13730587296332	0.012	0.138	1	RNF6	c21
0.305295221474652	-1.13705160470306	0	0.012	1	AL162377.1	c21
0.0021636392400418	-1.13692041436361	0.012	0.121	1	ATAD1	c21
0.271178981177607	-1.13678270989003	0	0.014	1	PER3	c21
0.27117898123799	-1.13672693683137	0	0.014	1	PDE9A	c21
0.000106944152172468	-1.13662269097714	0.023	0.194	1	GPATCH4	c21
9.3284329343182e-05	-1.13659676279321	0.012	0.175	1	KDM2A	c21
0.00124023464741355	-1.13631663342703	0.012	0.131	1	UTP4	c21
0.581945953256575	1.13586672069779	0.035	0.049	1	FCHSD1	c21
0.00118531619071217	-1.13565544067732	0.012	0.132	1	SHC1	c21
0.195239678024623	1.13521619497909	0.012	0.039	1	MYO9A	c21
0.295698829649747	-1.13518474427269	0	0.013	1	AKAP7	c21
0.328378131553408	-1.13425902098169	0	0.011	1	MRPS17	c21
0.333810547719748	-1.13361832328125	0	0.011	1	ZNF776	c21
2.02888383032963e-09	-1.13312609363742	0.058	0.413	6.8044705901595e-05	FMNL1	c21
0.302859794907425	-1.13285665721571	0	0.012	1	ZNF773	c21
0.356761515810664	-1.13199406836119	0	0.01	1	NCKAP1	c21
7.19451233932167e-05	-1.13179170630817	0.012	0.179	1	SLC44A2	c21
0.328378131553408	-1.13126596281145	0	0.011	1	ZKSCAN2	c21
0.323059935381559	-1.13042839517645	0	0.011	1	AC107214.1	c21
0.264929604819774	-1.13026385333973	0	0.014	1	ENPP6	c21
0.000180239377704092	-1.13022446106593	0.012	0.164	1	CWC27	c21
0.230863515997362	-1.1301487153061	0	0.016	1	AL139220.2	c21
0.000357629045764654	-1.12952987499829	0.012	0.153	1	ZFAND3	c21
0.243615083167737	1.12903738636777	0.012	0.035	1	PPM1F	c21
0.0643155949995501	1.12896617725325	0.012	0.06	1	AKT1S1	c21
1.06371781238558e-16	-1.128345218384	0.047	0.568	3.56749679917876e-12	NCOR1	c21
5.24702467759695e-05	-1.12825563815271	0.012	0.184	1	GLRX5	c21
0.113084337452761	1.12788067819572	0.035	0.086	1	TMEM131	c21
1.2435458607629e-08	-1.12784106342257	0.058	0.391	0.000417060410782661	MYO1F	c21
0.45680089812993	1.12739348059685	0.012	0.024	1	RAD52	c21
8.52166282329596e-05	-1.12698199079559	0.012	0.176	1	EFTUD2	c21
0.00514924399623337	-1.12676129760901	0.012	0.106	1	KAT6A	c21
9.96849837750885e-05	-1.12670776587057	0.012	0.174	1	LRPPRC	c21
0.333810547719748	-1.12623166596391	0	0.011	1	AC005224.4	c21
4.18547587203244e-06	-1.12600622945526	0.012	0.223	0.140372489796224	ZMAT5	c21
0.298061953411382	-1.12598313558096	0	0.012	1	ZNF319	c21
0.00425851512387386	-1.12483048618898	0.012	0.109	1	GTDC1	c21
0.0885546051907399	1.12470839911145	0.012	0.054	1	IPO13	c21
0.298061953411382	-1.12459867374503	0	0.012	1	ITPRIPL2	c21
0.345033431324977	-1.12459717221358	0	0.01	1	RGS5.1	c21
4.67932255854766e-05	-1.12390851380474	0.012	0.186	1	IPO7	c21
0.156885247410179	1.12346180290405	0.012	0.043	1	LGALS9	c21
0.00199523577054329	-1.1232049493226	0.012	0.123	1	EXOC7	c21
0.197959513087751	1.12250300700148	0.012	0.039	1	MOSPD2	c21
0.128763115279017	1.12241829060571	0.023	0.065	1	GALT	c21
0.317852352805662	-1.12215288715709	0	0.011	1	KLHL17	c21
0.269076119282885	-1.12203427832276	0	0.014	1	ZNF823	c21
1.85967745457134e-05	-1.12202233634125	0.012	0.201	0.623698624714135	SPOP	c21
0.273301932137377	-1.12167704831016	0	0.014	1	AC073195.1	c21
1.99116453144291e-05	-1.12124159642496	0.023	0.221	0.667796760555324	AKIRIN1	c21
3.06615400442198e-05	-1.11941765204125	0.023	0.215	1	BTN3A2	c21
0.317852352805662	-1.11932512383556	0	0.011	1	AL031963.3	c21
0.362826332098992	-1.11913872824455	0	0.01	1	AIF1	c21
9.96204133405275e-06	-1.11907978736234	0.012	0.21	0.334106942261461	TOR3A	c21
0.0269834275572823	-1.11892220354402	0.012	0.075	1	ANKRD36C	c21
2.31568005814697e-12	-1.11890257809421	0.07	0.513	7.76632777901332e-08	EML4	c21
2.0734160595547e-05	-1.11889046925153	0.012	0.199	0.695382278053455	DHX36	c21
0.300448825015632	-1.11873984252962	0	0.012	1	OTUD1	c21
0.459963564958574	1.1180111409805	0.012	0.024	1	ZSCAN29	c21
0.000707164471503532	-1.11783268723815	0.012	0.141	1	RARG	c21
0.269076119282885	-1.11758292871351	0	0.014	1	TBC1D24	c21
0.0751632476732293	-1.1175313608678	0.012	0.057	1	HIST1H3F	c21
0.34791672377358	-1.11732008654667	0	0.01	1	AC211476.2	c21
0.36282633201135	-1.11713540095358	0	0.01	1	AC103702.2	c21
0.084023036879542	1.11712584856997	0.012	0.055	1	CCDC92	c21
0.788054155922287	1.11583717547986	0.012	0.015	1	GSAP	c21
0.298061953411382	-1.1155476491755	0	0.012	1	ENTPD7	c21
0.115758878773917	1.11472079544963	0.012	0.049	1	WBP1L	c21
0.264929604819774	-1.11459946837061	0	0.014	1	AC027644.3	c21
0.00619420993580889	-1.11412279341685	0.012	0.103	1	MED24	c21
0.00673808695567932	-1.11363527466091	0.012	0.101	1	STAT2	c21
3.48464063181641e-05	-1.11341284930533	0.012	0.191	1	AZI2	c21
1.25591506406846e-06	-1.11217601807007	0.035	0.284	0.042120879418728	SYNRG	c21
0.302859794907425	-1.11212930473889	0	0.012	1	CLCN5	c21
0.000890590877043389	-1.1120681894386	0.012	0.137	1	DOHH	c21
0.000407001182765564	-1.11201670231728	0.012	0.15	1	GTPBP8	c21
0.325704985698696	-1.11150807853052	0	0.011	1	TMEM229B	c21
0.353780192683078	-1.11146714037105	0	0.01	1	C19orf44	c21
7.15397099594569e-08	-1.11110017100616	0.035	0.326	0.00239929879262026	RBM42	c21
0.0343295638480111	1.11085828397688	0.047	0.129	1	GAK	c21
1.81826653758795e-07	-1.110740940975	0.047	0.333	0.00609810231376246	WSB1	c21
4.85413289026247e-07	-1.10976574520791	0.012	0.255	0.0162797908873623	TUBG1	c21
0.356761515810664	-1.10928418486579	0	0.01	1	IFT172	c21
0.320442535820421	-1.10850152118254	0	0.011	1	C16orf86	c21
0.325704985698696	-1.10826204580765	0	0.011	1	CHML	c21
0.247198131420958	-1.10724735417266	0	0.015	1	GPRC5D-AS1	c21
5.93484522203286e-05	-1.10688299451886	0.023	0.204	1	GON4L	c21
0.0761831661232325	1.10645461280273	0.012	0.057	1	POFUT1	c21
0.00069109663675418	-1.10570459966015	0.012	0.141	1	ACACA	c21
0.000197836139634516	-1.10562709304798	0.012	0.162	1	RMDN1	c21
0.198871574208864	-1.10562022578293	0	0.019	1	POLR3G	c21
0.000148996497631312	-1.10556500522819	0.012	0.167	1	SFSWAP	c21
0.315288963061402	-1.10546927183353	0	0.012	1	KCNK7	c21
0.000407001182328958	-1.10481712488265	0.012	0.15	1	HOOK3	c21
0.00332180137001998	-1.10397075858477	0.012	0.114	1	UGGT1	c21
0.201829678465334	-1.1037049305024	0	0.019	1	B4GALNT1	c21
0.266993080551225	-1.10339397602589	0	0.014	1	UBTD2	c21
0.130307267503842	1.10319131611145	0.012	0.047	1	SNHG10	c21
0.298061953411382	-1.10184503755283	0	0.012	1	PVR	c21
0.350832122535167	-1.10098706491713	0	0.01	1	ZNF717	c21
0.207352721374561	1.10057807670648	0.012	0.038	1	C15orf41	c21
0.00031704819227343	-1.10039854676678	0.023	0.175	1	TNRC6B	c21
6.279634914953e-05	-1.1003933564462	0.012	0.181	1	PRKAG1	c21
0.000211423803284011	-1.09891108745085	0.012	0.161	1	DDX42	c21
1.38372918830013e-05	-1.09791689963263	0.012	0.205	0.464075095172097	RAB5A	c21
0.0925586760709266	1.09689671818931	0.023	0.072	1	ZC3H8	c21
0.305295221544603	-1.09673397420315	0	0.012	1	AL590399.1	c21
0.254896910945444	-1.09666895644403	0	0.015	1	AC008966.1	c21
0.000140076663336352	-1.09576208666846	0.012	0.168	1	APOBEC3H	c21
3.42387625652514e-07	-1.09573745541652	0.035	0.304	0.011482996189134	PHLDA1	c21
0.273241026602266	1.09535341862818	0.012	0.033	1	SLX4	c21
0.207898359991981	-1.09514997081739	0	0.018	1	LINC01160	c21
0.288748558065055	-1.09514810596353	0	0.013	1	CPLANE2	c21
0.260860326562295	-1.09490714359263	0	0.014	1	POMZP3	c21
0.2608603266199	-1.0944458196527	0	0.014	1	GATA3-AS1	c21
1.53118418111719e-12	-1.09409636736358	0.058	0.499	5.13528550663082e-08	DNMT1	c21
0.158863694030433	1.09405331199635	0.012	0.043	1	BIVM	c21
0.275445242749536	-1.09345032328445	0	0.014	1	IPO9-AS1	c21
0.264929604819774	-1.09334013486472	0	0.014	1	PELI3	c21
2.07221803833672e-05	-1.09309618057729	0.012	0.199	0.694980485697368	GNL1	c21
0.224013618712451	-1.09278399862446	0	0.017	1	FAM86C1	c21
4.61540651512249e-08	-1.09273849941922	0.058	0.374	0.00154791503704178	TPX2	c21
2.23379938124663e-05	-1.09271897616731	0.012	0.198	0.749171636482495	NUPL2	c21
0.000175356099451692	-1.09216072980832	0.012	0.165	1	EXOSC9	c21
0.236162533252035	-1.092156285347	0	0.016	1	AC002116.2	c21
0.000428121138290213	-1.09214509898709	0.023	0.17	1	PCNT	c21
0.148725650558851	1.09197442597772	0.012	0.044	1	ENTPD1-AS1	c21
0.000702022573150413	-1.09161602846441	0.012	0.141	1	ERN1	c21
0.23438043891713	-1.09130370061259	0	0.016	1	UBAC2-AS1	c21
0.347916723856428	-1.09074641319595	0	0.01	1	ZCCHC18	c21
0.0320649625510696	1.09033921549771	0.035	0.112	1	PCYT1A	c21
0.265974065348493	1.0901711950397	0.012	0.034	1	RNF169	c21
0.237743021064813	1.0899784282391	0.023	0.053	1	POU2F1	c21
0.269076119282885	-1.08997355223893	0	0.014	1	KLHL26	c21
5.92287825551233e-05	-1.08936757072274	0.023	0.204	1	RAP2B	c21
0.305295221544603	-1.08923869391859	0	0.012	1	NRL	c21
0.331079829460198	-1.08893536313289	0	0.011	1	CNNM4	c21
0.0249925940562113	1.0885281290597	0.035	0.117	1	ZC3H14	c21
0.312751953497349	-1.08811356658652	0	0.012	1	CTBP2	c21
0.320442535820421	-1.08806065621172	0	0.011	1	ZNF615	c21
0.298061953411382	-1.08629236321514	0	0.012	1	ABCA3	c21
2.58659823729041e-05	-1.08617536194426	0.012	0.195	0.867493316822457	NRBF2	c21
1.04037553711042e-05	-1.08588756198185	0.023	0.232	0.348921147636092	C20orf27	c21
0.339360980452575	-1.08556674069621	0	0.011	1	FOXO4	c21
0.00390241101229774	-1.08458933800355	0.012	0.111	1	SCAF1	c21
1.36036494544194e-06	-1.08397726205181	0.023	0.262	0.0456239195402317	SNRNP27	c21
0.245317027111645	-1.08351439887429	0	0.015	1	FRAT2	c21
0.486933714685559	1.08300408883589	0.012	0.023	1	CENPI	c21
0.325704985698696	-1.08195645480625	0	0.011	1	S1PR2	c21
0.305295221544603	-1.08172570175437	0	0.012	1	PRRG3	c21
0.286477075021062	-1.08136699721952	0	0.013	1	SPACA9	c21
0.000543627508938443	-1.08121230818708	0.012	0.145	1	GOSR1	c21
0.163038058207401	1.0804712739508	0.058	0.112	1	CDK11A	c21
0.0804550915785621	1.08041438555382	0.023	0.075	1	CAD	c21
0.254896910945444	-1.07996463420931	0	0.015	1	CALHM3	c21
0.0566953245830553	-1.07965416677971	0.012	0.062	1	BACH1	c21
0.141070044327398	1.07907183075543	0.012	0.045	1	BDH2	c21
7.34022698564303e-06	-1.07901731387511	0.035	0.258	0.246176532644496	SLFN5	c21
6.4112180842336e-09	-1.07881281083734	0.035	0.358	0.000215019432109027	RNF126	c21
2.16641221567054e-08	-1.07843139161589	0.047	0.364	0.000726571328891585	RASGRP2	c21
0.000423155769274258	-1.07794171198615	0.023	0.171	1	RUNX1	c21
0.0018488624976068	-1.07753919354125	0.012	0.124	1	CRLS1	c21
0.0916298247427104	1.07686887212134	0.035	0.09	1	NR2C1	c21
2.25458769045324e-05	-1.07617785688569	0.023	0.22	0.756143619624206	EPN1	c21
0.323868242932035	1.0758467799459	0.023	0.047	1	ZNF235	c21
1.26978030547749e-13	-1.07566845858748	0.081	0.563	4.2585891885104e-09	SPN	c21
0.353780192683078	-1.07526873483604	0	0.01	1	AC073389.1	c21
0.0507578939445328	1.07509657769604	0.047	0.121	1	MKNK2	c21
1.57104339016182e-06	-1.07369066396153	0.023	0.26	0.0526896532192471	NUP50	c21
0.0017148209767819	-1.07342421773353	0.012	0.125	1	MFSD11	c21
5.94925847126396e-06	-1.07287360194526	0.012	0.218	0.199526230609251	CREB3	c21
0.201757928546206	1.07285567938634	0.035	0.073	1	THOC1	c21
0.00141439154215828	-1.07209026168883	0.012	0.129	1	BTN2A1	c21
0.0003213833049174	-1.07192735480695	0.012	0.154	1	CAAP1	c21
0.0057641096654943	-1.0715235747399	0.012	0.104	1	PPIP5K2	c21
0.105649495034548	1.07024168486381	0.012	0.05	1	INPPL1	c21
0.000908952434499596	-1.06986404793984	0.012	0.137	1	SMYD2	c21
1.86947746267589e-06	-1.06954855281432	0.023	0.258	0.0626985351432239	KDM5A	c21
0.0115750571990348	-1.06943261056041	0.012	0.091	1	AAR2	c21
0.000244417736618585	-1.06931832907791	0.012	0.159	1	NUP54	c21
0.320442535746016	-1.06929156809916	0	0.011	1	RASD1	c21
6.23807087049542e-05	-1.06927348466804	0.012	0.181	1	C5orf15	c21
7.91065396598557e-13	-1.06925903318738	0.047	0.484	2.65307512711224e-08	ACTR2	c21
2.57208962324213e-05	-1.06857091440809	0.023	0.217	0.862627417842946	FTSJ3	c21
6.44883815946366e-13	-1.06834875277748	0.047	0.486	2.16281134192092e-08	SCAMP2	c21
6.94508622096694e-11	-1.06671849835539	0.035	0.412	2.32924301678789e-06	PAPOLA	c21
0.123682785366088	1.06663591488224	0.012	0.048	1	NRDE2	c21
0.279794055044241	-1.06634143405079	0	0.013	1	ETV2	c21
0.0269033740615219	1.06618566460719	0.047	0.134	1	PDPK1	c21
0.501133583134535	1.06575134818146	0.023	0.038	1	MAPKBP1	c21
0.323059935456748	-1.06574231788062	0	0.011	1	NBL1	c21
0.245317027165162	-1.06486631745874	0	0.015	1	RCAN1	c21
0.0748101375177691	1.06476497154103	0.023	0.076	1	ARAP1	c21
0.325704985698696	-1.06446844292954	0	0.011	1	MTMR8	c21
4.74143732276723e-07	-1.06428482915971	0.023	0.277	0.0159018324930967	FLOT2	c21
0.00146837061975918	-1.06399152938959	0.012	0.128	1	TBC1D7	c21
0.000732038228658838	-1.06386347760308	0.012	0.14	1	AKT2	c21
0.0324695790488225	-1.06366294520068	0.012	0.072	1	RUBCN	c21
0.342181695164253	-1.06330058704821	0	0.01	1	EPB41L5	c21
0.113583027286388	1.06125904144938	0.012	0.049	1	NOL3	c21
0.0932884680454662	1.06032577658174	0.012	0.053	1	CLUH	c21
0.000150426571483466	-1.06012746041454	0.012	0.167	1	ARPC4	c21
0.211011184475902	-1.05989655478833	0	0.018	1	ASGR1	c21
0.104248169818884	1.05980021503284	0.012	0.051	1	ZNF7	c21
0.310240920928682	-1.0591644175632	0	0.012	1	ATG9B	c21
0.331079829460198	-1.05909547971775	0	0.011	1	CLYBL	c21
0.0578435907676348	-1.05862855625741	0.012	0.061	1	OSBPL2	c21
1.10499566928666e-08	-1.05848884100536	0.023	0.329	0.000370593447565359	CENPW	c21
0.00583235542079835	1.05814543988097	0.058	0.185	1	CHAF1A	c21
6.75092574444924e-07	-1.05782374764267	0.035	0.294	0.0226412547617339	GDI1	c21
0.132098922623242	1.05569635740569	0.012	0.046	1	B3GALNT2	c21
2.96866546560283e-05	-1.05559964529557	0.035	0.237	0.995631023853876	AURKA	c21
0.27117898123799	-1.05453061923146	0	0.014	1	PCAT6	c21
4.54782833326178e-05	-1.0541645048132	0.012	0.186	1	UCK2	c21
0.00036588410545809	-1.05412232800758	0.012	0.152	1	TICAM1	c21
0.000129068041202255	-1.05341062276579	0.012	0.17	1	TFRC	c21
0.336570766944669	-1.05336165301254	0	0.011	1	ZNF768	c21
0.141137685769384	1.05325522799591	0.012	0.045	1	MED13L	c21
0.0455511789202128	-1.05292176829562	0.012	0.066	1	IL21R	c21
0.252945623598151	-1.05269023454764	0	0.015	1	DNAJC6	c21
0.494416512663427	1.05258856372317	0.012	0.023	1	AL662797.1	c21
0.362826332098992	-1.05162134612792	0	0.01	1	ZNF527	c21
0.339360980532741	-1.05106860386586	0	0.011	1	AC131971.1	c21
0.298061953411382	-1.05096616372996	0	0.012	1	EEF1AKMT3	c21
0.236162533252035	-1.05077972463485	0	0.016	1	AC099850.1	c21
9.46759004129242e-12	-1.04871409226549	0.023	0.413	3.17524034804865e-07	APBB1IP	c21
0.00134156841183558	-1.04826482316849	0.012	0.13	1	C18orf21	c21
0.251012212537474	-1.04813737811079	0	0.015	1	PDE6G	c21
9.10902137661263e-07	-1.04801010246674	0.023	0.268	0.0305498358928834	CHCHD3	c21
0.0188026269105175	-1.04784717051519	0.012	0.082	1	RBM19	c21
0.000226043791757087	-1.04751650883419	0.012	0.16	1	UBE4A	c21
0.264929604819774	-1.04739237977759	0	0.014	1	RRAS	c21
0.339360980532741	-1.04687242823166	0	0.011	1	ZNF724	c21
0.328655781640648	1.04635220956449	0.012	0.03	1	TAF1C	c21
0.345033431243039	-1.04563576222546	0	0.01	1	ZNF324B	c21
0.325704985698696	-1.04473935806883	0	0.011	1	AGBL3	c21
0.00135123718643826	-1.04401005568217	0.012	0.13	1	EXOSC2	c21
0.0174889238033835	-1.04279966970391	0.012	0.084	1	CCDC93	c21
0.000295344174253698	-1.04263429378958	0.012	0.156	1	ARHGAP1	c21
1.13234034567159e-07	-1.04235586552927	0.023	0.297	0.00379764305131339	RNF114	c21
0.236162533252035	-1.04235444395975	0	0.016	1	RNLS	c21
0.350832122535167	-1.04227660610084	0	0.01	1	DDX11-AS1	c21
0.0374495724050275	1.04165564199751	0.012	0.07	1	VCPKMT	c21
0.339360980532741	-1.041073927563	0	0.011	1	CALCB	c21
0.000496086812410425	-1.04096104635752	0.012	0.147	1	TCF12	c21
0.315288963061402	-1.04083164701346	0	0.012	1	AL022328.4	c21
0.000532791902818861	-1.04011203132782	0.012	0.146	1	DRAM2	c21
0.347916723856428	-1.04006848930637	0	0.01	1	SLC25A29	c21
0.0593131661331823	-1.03976322846195	0.012	0.061	1	VPS45	c21
0.235697985300518	1.03909676121515	0.012	0.036	1	DUSP7	c21
0.054144380577705	1.0390509987392	0.07	0.156	1	PELP1	c21
2.14605339430716e-06	-1.03845095979009	0.012	0.233	0.0719743387382737	TIMM50	c21
0.288748558130288	-1.03834396221505	0	0.013	1	MED26	c21
0.2608603266199	-1.036797085933	0	0.014	1	CTU1	c21
0.00481510897092867	-1.0362047548386	0.012	0.107	1	FAHD2A	c21
4.06515999244224e-07	-1.03586442632742	0.035	0.301	0.0136337335826528	NOP56	c21
2.18591001891131e-05	-1.03443788414038	0.012	0.198	0.733110502142474	CLK3	c21
0.00135732927907546	-1.03439045437922	0.012	0.13	1	GLYR1	c21
0.0986048978267809	1.03405318057816	0.081	0.159	1	TRIM56	c21
1.83054640173692e-12	-1.03381895359062	0.035	0.452	6.13928652214527e-08	BRD2	c21
0.350832122535167	-1.0331228387344	0	0.01	1	AL121658.1	c21
0.0624710113641057	1.03276384851643	0.023	0.08	1	ACAD8	c21
2.63798392251757e-05	-1.03231623976223	0.023	0.217	0.884727047933942	CCDC137	c21
0.350832122535167	-1.03073851526399	0	0.01	1	AC026979.2	c21
0.028111620630515	-1.03047173765235	0.012	0.075	1	MYO18A	c21
0.315288962988528	-1.0291110590957	0	0.012	1	AC002310.2	c21
0.0340634986323835	-1.02890648181423	0.012	0.071	1	P4HA2	c21
0.469915322051075	1.02861047828964	0.012	0.024	1	LINC01132	c21
1.313063709492e-08	-1.02829447095551	0.047	0.369	0.000440375306889429	SDHA	c21
0.350832122535167	-1.027695736016	0	0.01	1	ZNF395	c21
7.85823272191658e-09	-1.02745902973178	0.047	0.377	0.000263549409027638	FNBP1	c21
0.000262997663714434	-1.02595516660027	0.012	0.158	1	TDP2	c21
1.79059295115264e-05	-1.02435051200225	0.012	0.201	0.600529063957573	SDR39U1	c21
3.20149447336659e-07	-1.0242773571998	0.035	0.305	0.0107371721647769	MRPS18B	c21
0.26288543691283	-1.0242622855086	0	0.014	1	RASSF1-AS1	c21
0.00147326361381182	-1.02413700588675	0.023	0.149	1	CREBZF	c21
0.350832122535167	-1.0228869655759	0	0.01	1	ZSCAN30	c21
0.127945017191463	1.02241340388588	0.023	0.065	1	NAA40	c21
0.342181695164253	-1.02226930773287	0	0.01	1	HPGDS	c21
0.350832122535167	-1.02225855001994	0	0.01	1	TTLL7	c21
0.0003501329766846	-1.02216102669203	0.012	0.153	1	OSTM1	c21
0.302859794907425	-1.02211512739608	0	0.012	1	ZNF681	c21
0.251012212647478	-1.02195166362657	0	0.015	1	WWTR1	c21
0.333810547719748	-1.02182923493533	0	0.011	1	HES1	c21
3.71742817553268e-08	-1.02175770385424	0.023	0.313	0.00124675106151015	EXOSC3	c21
5.86633177666026e-08	-1.0216232961721	0.023	0.306	0.00196745035125632	AP1S1	c21
0.000197169916890951	-1.02154986543433	0.012	0.163	1	CHID1	c21
0.00272319435800128	1.02129884288048	0.07	0.22	1	ANKRD11	c21
8.04892319752988e-07	-1.01986930534248	0.023	0.27	0.0269944786198757	PPP6R1	c21
0.288748558130288	-1.01984442550748	0	0.013	1	N4BP3	c21
0.194891108692241	1.01928603615221	0.023	0.057	1	NISCH	c21
0.148761805581809	1.01872044351761	0.058	0.114	1	BRD9	c21
0.28200012727164	-1.01837714881359	0	0.013	1	TRPM2	c21
0.328378131476614	-1.01702888106123	0	0.011	1	SLC6A9	c21
0.165310731542101	1.01690099446963	0.012	0.042	1	PRR12	c21
0.312751953497349	-1.01648970887792	0	0.012	1	AC009065.4	c21
0.102748815501994	1.01648326292489	0.023	0.07	1	RABEP2	c21
0.350832122535167	-1.01598402510545	0	0.01	1	CLDN12	c21
0.362826332098992	-1.01480216298395	0	0.01	1	ZNF440	c21
0.00615938002968319	-1.01393888836405	0.012	0.103	1	ZNF830	c21
1.16507442662598e-08	-1.01380887984371	0.023	0.328	0.00039074266120182	CNIH4	c21
0.0943309312612012	1.01319258183315	0.023	0.072	1	KDM3B	c21
0.00830353233611113	-1.01168466552993	0.012	0.097	1	UBAP2	c21
0.168635273854577	1.01157282717848	0.012	0.042	1	AMFR	c21
0.000152814235504491	-1.01106491992271	0.012	0.167	1	IFI27L1	c21
0.359776690295609	-1.01024558766097	0	0.01	1	AC007240.1	c21
0.0351310336233205	-1.00965283552718	0.012	0.071	1	SPATA13	c21
1.9628145642001e-05	-1.00840388079807	0.023	0.222	0.65828874854143	PAG1	c21
3.70611121042767e-06	-1.00824661242433	0.012	0.225	0.124295557775323	TMEM11	c21
0.222338437251883	-1.00729313249805	0	0.017	1	EPHX1	c21
2.56627164999528e-05	-1.00608279586696	0.023	0.217	0.860676185975416	NCAPD3	c21
0.220001835204539	1.00542387779329	0.023	0.054	1	LMNA	c21
0.00310754501602214	-1.00503583835337	0.012	0.115	1	NSF	c21
0.00115934479666604	-1.00499597513258	0.012	0.132	1	ARNTL	c21
0.0459649112668881	1.00427348521612	0.023	0.086	1	SKA1	c21
0.0845944559673149	1.00419608618616	0.012	0.055	1	DUSP18	c21
1.58109497681355e-07	-1.00399176357189	0.023	0.293	0.0053026763332373	EXOSC4	c21
0.0327149322819333	-1.00389687712821	0.012	0.072	1	RALGDS	c21
0.0280809412787563	1.00263535309514	0.023	0.095	1	IRF2BP2	c21
0.131199971201597	0.999948714607568	0.012	0.047	1	LIN37	c21
0.00265156364129772	-0.999847465795976	0.012	0.118	1	ZEB1	c21
0.197819226943477	0.998806799090073	0.012	0.039	1	GMDS-DT	c21
3.65618051812652e-08	-0.998496447860775	0.023	0.313	0.00122620982216927	MPDU1	c21
0.302859794907425	-0.996723640700958	0	0.012	1	TGFB1I1	c21
0.320442535746016	-0.996111300887715	0	0.011	1	PPP1R13L	c21
7.01063568464094e-09	-0.995318995856256	0.116	0.499	0.000235122699591488	MKI67	c21
0.320442535820421	-0.995201912345132	0	0.011	1	HSF5	c21
0.34200372903303	0.994706451708711	0.023	0.046	1	NBPF19	c21
0.443895559618934	0.994360531804089	0.012	0.025	1	MTBP	c21
0.320442535746016	-0.992651834009373	0	0.011	1	AC114271.1	c21
0.333810547719748	-0.992351920072599	0	0.011	1	ZNF74	c21
5.36835070564015e-05	-0.991744708676267	0.012	0.184	1	SLC25A46	c21
0.317852352732028	-0.991235244646533	0	0.011	1	SYCE1L	c21
2.02856516531309e-06	-0.991211894338232	0.023	0.256	0.0680340185142703	KRR1	c21
0.208598782967826	0.990947600576308	0.012	0.038	1	MROH1	c21
3.23751613067752e-06	-0.989742377248246	0.035	0.271	0.108579815990663	PRRC2A	c21
0.00140729609299954	-0.989175816949172	0.012	0.129	1	CAMK1D	c21
0.345033431324977	-0.988766156960769	0	0.01	1	ZNF77	c21
7.1450516880667e-05	-0.988360329943557	0.012	0.179	1	MKNK1	c21
0.000112285228587029	-0.987796034946323	0.012	0.172	1	WRAP73	c21
0.295698829716944	-0.987195616578384	0	0.013	1	AC083798.2	c21
0.0346849456415628	0.986913670866812	0.035	0.11	1	IFT27	c21
1.59773361572351e-06	-0.985735414171788	0.023	0.26	0.053584790004135	ZRANB2	c21
0.317852352805662	-0.984873657401693	0	0.011	1	USP49	c21
0.00364485483724468	-0.983536436316307	0.012	0.112	1	STAMBPL1	c21
0.307755471666043	-0.983498296150085	0	0.012	1	PVRIG	c21
0.11128752865936	0.9825776718301	0.012	0.05	1	FGGY	c21
0.347916723856428	-0.981380367198262	0	0.01	1	GPR63	c21
8.97405955233014e-08	-0.981361988322512	0.023	0.301	0.00300972009266048	NMRK1	c21
0.339360980452575	-0.980317389350474	0	0.011	1	GLB1L3	c21
0.0111080766101708	-0.980132299064482	0.012	0.092	1	RNGTT	c21
0.264929604819774	-0.9797014172346	0	0.014	1	ZNF25	c21
0.305295221544603	-0.979051900500934	0	0.012	1	MYLK-AS1	c21
5.34408292124491e-11	-0.97774988009422	0.058	0.459	1.79229853012712e-06	PRPF40A	c21
9.11553897265957e-05	-0.976949888524224	0.012	0.175	1	PPA2	c21
8.31585996429605e-06	-0.976435688812647	0.012	0.213	0.278897311482561	RNF166	c21
0.298061953343512	-0.975970015425429	0	0.012	1	TMEM44	c21
0.264929604819774	-0.97538443915983	0	0.014	1	DTD2	c21
0.132098922638276	0.975202875036613	0.012	0.046	1	METTL2A	c21
5.11770486234786e-08	-0.97470142133187	0.035	0.33	0.00171637585673423	BAG1	c21
3.2107970395981e-08	-0.974502801292237	0.023	0.315	0.00107683711114041	PFDN1	c21
0.142413895171143	0.973665474462264	0.023	0.063	1	VPS13B	c21
0.336570766944669	-0.973119250021865	0	0.011	1	CCDC157	c21
2.04915553404261e-12	-0.972603956457562	0.058	0.496	6.87245783007209e-08	CCT4	c21
0.0404773329979468	-0.97169654731765	0.012	0.068	1	TRBV6-4	c21
6.28854466349371e-05	-0.971353335940187	0.012	0.181	1	MBOAT7	c21
2.65061734074831e-05	-0.971222312950187	0.012	0.195	0.88896404374017	PUM3	c21
0.00025815060861001	-0.969557424484941	0.023	0.18	1	FLAD1	c21
0.317852352805662	-0.967992228410304	0	0.011	1	TUT1	c21
4.37669033354765e-12	-0.966294141901601	0.07	0.508	1.46785440406521e-07	KPNB1	c21
1.09604713730051e-05	-0.964889409356577	0.012	0.209	0.367592288907844	ZNF655	c21
1.37454055681384e-05	-0.964483054247115	0.023	0.227	0.460993411944225	RUVBL1	c21
0.000163111500596529	-0.964069737872141	0.012	0.166	1	GRAMD1B	c21
0.345033431324977	-0.963230411101654	0	0.01	1	ATF3	c21
0.331079829460198	-0.962772473764963	0	0.011	1	ZNF90	c21
0.0194342220253091	-0.962624466853028	0.012	0.082	1	NBPF26	c21
0.000592696871323778	-0.962213861099327	0.012	0.144	1	LRCH4	c21
0.23723706287675	0.961674927412586	0.012	0.036	1	TEPSIN	c21
0.00209537502081667	-0.960741095173168	0.012	0.122	1	NLRC5	c21
0.00631352604467965	-0.960649647804846	0.012	0.102	1	FHL3	c21
0.307755471736708	-0.959989436262741	0	0.012	1	AC018647.2	c21
0.0113392038263429	-0.959459148728659	0.012	0.092	1	XIAP	c21
0.0022259498343931	-0.958896709240333	0.012	0.121	1	KLHDC4	c21
0.219053682006643	0.958651476241001	0.047	0.088	1	PDPR	c21
0.0255582973428497	0.958402231855885	0.035	0.116	1	SMG9	c21
0.279794055106982	-0.958374651712225	0	0.013	1	AC016394.1	c21
0.310240920928682	-0.957149277588505	0	0.012	1	ZNF710	c21
6.48096631687285e-05	-0.956878681500068	0.023	0.203	1	C1GALT1	c21
0.307755471736708	-0.956169243140126	0	0.012	1	FAM66B	c21
8.48486699670613e-05	-0.955816410124702	0.012	0.176	1	MTG1	c21
0.275445242749536	-0.955379798560384	0	0.014	1	AC145207.5	c21
0.26288543691283	-0.95511044797855	0	0.014	1	LINC00539	c21
0.298061953411382	-0.954947832318717	0	0.012	1	PGLYRP2	c21
5.18810410253881e-07	-0.954523347969851	0.023	0.276	0.0173998635390947	MIER1	c21
0.0391977521670655	0.953729378244361	0.012	0.069	1	EEF1AKMT2	c21
0.106201027877005	0.953433911874161	0.023	0.069	1	NFE2L3	c21
0.353780192598363	-0.952852041609334	0	0.01	1	ZNRF2	c21
8.39246697860198e-07	-0.951967249966471	0.023	0.269	0.0281466557528353	SAFB	c21
7.69639843733089e-07	-0.95162974965841	0.035	0.292	0.0258121810791203	MTHFD1	c21
0.317852352805662	-0.951628903058177	0	0.011	1	CCR3	c21
0.00308248153920675	-0.951561949014637	0.012	0.115	1	FBRS	c21
0.336570766944669	-0.950387775475196	0	0.011	1	ZNF2	c21
0.315288962988528	-0.949421871878851	0	0.012	1	RTL6	c21
0.262265339184764	0.948843618792272	0.012	0.034	1	ZSCAN32	c21
4.53705597581615e-11	-0.948776879254361	0.07	0.483	1.52163783316922e-06	DDX24	c21
0.000170696612083696	-0.94855483050921	0.012	0.165	1	MRPS28	c21
0.0043320931652821	-0.948289849009825	0.012	0.109	1	C16orf54	c21
0.437349427881446	0.947318287781657	0.012	0.025	1	RPGR	c21
0.271178981298372	-0.947140123925106	0	0.014	1	MYOM2	c21
1.21352661764024e-06	-0.945649674262542	0.023	0.264	0.0406992557024183	SP140	c21
0.331079829460198	-0.945130001734476	0	0.011	1	FADS3	c21
0.000825784799352165	-0.944807862920806	0.012	0.138	1	CREB3L3	c21
0.353780192683078	-0.944729200021201	0	0.01	1	MPZ	c21
0.0713884425852347	0.944418337927098	0.012	0.058	1	KATNAL1	c21
0.00446971903212371	-0.944269721557591	0.012	0.108	1	NUP214	c21
0.0221732801591661	0.943820960551044	0.081	0.195	1	CHD3	c21
0.00368308955813464	-0.943090541491704	0.012	0.112	1	HEMK1	c21
0.00830138486656384	-0.942904892394346	0.012	0.097	1	LINS1	c21
4.42680271158465e-06	-0.942585471462785	0.012	0.223	0.148466109341126	PIGX	c21
0.000326474084852803	-0.942441275846277	0.012	0.154	1	DYNC1I2	c21
0.26288543691283	-0.942003778671336	0	0.014	1	MMACHC	c21
0.333810547719748	-0.941831977099775	0	0.011	1	LRFN4	c21
0.00593117790591635	-0.941631362967956	0.012	0.103	1	SYTL2	c21
1.43183769961082e-07	-0.941187969497882	0.023	0.294	0.00480209727695478	UBE2J2	c21
0.000703167124383054	-0.941187928140917	0.012	0.141	1	MAPK13	c21
0.359776690295609	-0.941187764497337	0	0.01	1	LINC00092	c21
0.339360980452575	-0.940790012968094	0	0.011	1	ZBTB22	c21
0.251012212592476	-0.940391637216285	0	0.015	1	NADK2	c21
5.16992329316607e-06	-0.938198161968109	0.023	0.242	0.173388887406204	UBAC2	c21
0.277609189654283	-0.937065543514589	0	0.014	1	AC009005.1	c21
0.000117197685855369	-0.935388325232798	0.012	0.171	1	ZCCHC9	c21
0.00220041671577839	-0.93446827531194	0.012	0.121	1	ZBTB1	c21
0.00109758907569247	-0.934242864986887	0.012	0.133	1	POC1B	c21
0.336570766944669	-0.933948787695609	0	0.011	1	ATXN7	c21
1.49453751934398e-05	-0.932440341552933	0.035	0.247	0.501237993237584	XAF1	c21
0.161899562931281	0.931938424519253	0.012	0.043	1	COG1	c21
2.90474515598115e-07	-0.931115912714385	0.023	0.284	0.00974193430412957	USP14	c21
2.70131111248913e-06	-0.931013706092778	0.012	0.23	0.0905965720906605	UTP11	c21
0.000842387488941828	-0.930345948629627	0.012	0.138	1	LYST	c21
0.29335911130806	-0.930260023363454	0	0.013	1	AARSD1	c21
0.0129490578755737	-0.929799050628298	0.012	0.089	1	NFE2L1	c21
0.00103736580803033	-0.929744340234262	0.012	0.134	1	CBLL1	c21
0.00441462558761827	-0.929479976059406	0.012	0.109	1	ABRAXAS2	c21
0.329943793440338	-0.929266434396337	0.012	0.03	1	TRAV34	c21
0.28200012727164	-0.92911187609922	0	0.013	1	AC073896.2	c21
0.437057442047477	0.928530011361307	0.023	0.041	1	TOP3B	c21
0.0117259317509319	-0.926986437550686	0.012	0.091	1	IDE	c21
0.0171164008019518	0.925854009035785	0.023	0.105	1	PIAS4	c21
0.186118813017507	0.925339192545703	0.023	0.058	1	KMT2B	c21
0.0499767295957873	-0.924648589243164	0.012	0.064	1	MTM1	c21
0.336570766944669	-0.923112962218391	0	0.011	1	NPHP4	c21
1.39623393933144e-05	-0.922599962063007	0.023	0.227	0.468268938572978	MTA2	c21
0.0430634341286707	-0.920937644390351	0.012	0.067	1	ZNF276	c21
0.000100481650832394	-0.920853602249415	0.012	0.174	1	TRUB2	c21
0.000274919806703696	-0.919839663121538	0.012	0.157	1	PAPSS1	c21
0.156919668944258	0.919323386271812	0.023	0.061	1	CEP85	c21
4.12413502248118e-05	-0.919031416835062	0.012	0.188	1	IKBKG	c21
0.133787165749236	0.918606700602089	0.012	0.046	1	FAIM	c21
0.126015557019779	-0.918297783114529	0.012	0.047	1	SZT2	c21
1.9839202227829e-05	-0.918175429493139	0.035	0.243	0.665367164316928	ADD1	c21
6.3762118994984e-05	-0.917594688408904	0.012	0.181	1	NCK1	c21
0.300448825015632	-0.917229747602909	0	0.012	1	FERMT2	c21
0.103161675037621	0.91634849318309	0.023	0.07	1	NXF1	c21
0.0406202789928084	-0.915768587889527	0.012	0.068	1	SCAF8	c21
5.69653790846947e-06	-0.915762156648067	0.023	0.241	0.191050488374249	ADK	c21
1.20484611950204e-06	-0.915368659902257	0.023	0.264	0.0404081291558593	DAZAP1	c21
5.25001054365578e-05	-0.913458294975394	0.012	0.184	1	UTP18	c21
2.64633563854178e-06	-0.913433283417278	0.035	0.274	0.0887528046454143	IMPDH1	c21
0.0146752304940971	-0.913392167317142	0.012	0.087	1	PLEKHA5	c21
0.0797453400092622	0.912623083692186	0.012	0.056	1	FSD1	c21
0.000153978888627929	-0.912519563891946	0.012	0.167	1	RAB35	c21
4.14219555046901e-09	-0.911744838872467	0.058	0.406	0.00013892095437163	LUC7L3	c21
1.57208618166136e-06	-0.911099697929691	0.023	0.26	0.0527246263605587	CCM2	c21
0.325704985698696	-0.910803457374942	0	0.011	1	ZNF747	c21
1.69926439881664e-06	-0.909989836249731	0.023	0.259	0.0569899294075126	GNB1	c21
0.13246235276657	0.909731728236296	0.023	0.065	1	MAFG	c21
3.81491434490266e-05	-0.909076258190894	0.023	0.211	1	PLIN3	c21
0.225703544491136	-0.908701599845623	0	0.017	1	TTC7B	c21
4.03027288280979e-05	-0.90836170806545	0.012	0.188	1	MCFD2	c21
0.0004167069649371	-0.908324949090217	0.012	0.15	1	C6orf62	c21
0.00178792639121806	-0.908267233310174	0.012	0.125	1	IRAK1	c21
1.11477262014459e-11	-0.908221388296044	0.047	0.456	3.73872441344093e-07	TADA3	c21
4.70966134790848e-07	-0.908017526489616	0.035	0.299	0.0157952622286155	UHMK1	c21
0.0873830524672667	0.907743734358838	0.012	0.054	1	BICD1	c21
0.264929604819774	-0.90768553593387	0	0.014	1	RTN4R	c21
0.0276590600801924	0.907442236323604	0.035	0.115	1	VGLL4	c21
0.227678778716591	0.906474299468207	0.012	0.036	1	TUBGCP6	c21
1.46175690380955e-06	-0.906459922092959	0.023	0.261	0.0490244030399648	GRHPR	c21
0.312751953497349	-0.906098243062529	0	0.012	1	ELOA-AS1	c21
0.00143751688248696	-0.906046326680415	0.012	0.129	1	PDE4A	c21
0.131498158976147	0.905892875232527	0.023	0.065	1	CARNMT1	c21
0.000903116660648446	-0.905820699907893	0.012	0.137	1	BRAT1	c21
0.339360980532741	-0.905245842968649	0	0.011	1	NEURL2	c21
0.317852352805662	-0.905223081546749	0	0.011	1	RIBC2	c21
0.0164609569129234	-0.905158971010711	0.012	0.085	1	ST3GAL4	c21
0.331079829460198	-0.904075601475212	0	0.011	1	FRMD6	c21
0.252945623542642	-0.903955115557237	0	0.015	1	AP001347.1	c21
0.000271287911292776	-0.903869217862942	0.012	0.157	1	PUM1	c21
0.331079829460198	-0.903186143869141	0	0.011	1	LIPE-AS1	c21
0.0471218098233096	0.90275592315289	0.035	0.104	1	MLLT10	c21
0.000175453795445145	-0.902456368743186	0.012	0.165	1	CYB561A3	c21
0.0465660747810955	-0.902043538405238	0.012	0.065	1	ATN1	c21
0.277609189654283	-0.900531594686161	0	0.014	1	UFSP1	c21
0.266993080551225	-0.900450648833634	0	0.014	1	FBXO43	c21
0.0238141437240497	-0.900036718300746	0.012	0.078	1	MMS22L	c21
0.0755562881041161	0.899125203332582	0.023	0.076	1	INTS1	c21
0.247198131474964	-0.899118255231286	0	0.015	1	APOM	c21
2.1279780433049e-07	-0.898563289485812	0.023	0.289	0.00713681276163596	MAP4K1	c21
0.0976143189050953	0.898081116216961	0.012	0.052	1	PIK3R4	c21
3.58615401294555e-05	-0.895988077252127	0.023	0.212	1	CDK5RAP3	c21
0.13556275216079	0.895910763070628	0.012	0.046	1	C16orf95	c21
3.14236161379173e-08	-0.895866918636069	0.047	0.359	0.00105388523803347	KLF2	c21
0.000378771862679937	-0.895775585657177	0.012	0.152	1	FAM208A	c21
0.000291862613308001	-0.895491569674136	0.023	0.178	1	TRIM38	c21
0.0322574987721792	0.895194693401653	0.035	0.112	1	USP36	c21
0.336570766944669	-0.895117230301977	0	0.011	1	AC093462.1	c21
0.015269933229931	-0.894967969784645	0.012	0.086	1	AP4B1	c21
0.0378190380355281	-0.894817126491593	0.012	0.069	1	ATXN7L1	c21
0.000100566464355768	-0.894803551565893	0.012	0.174	1	NFU1	c21
0.004381583951059	-0.89479911145416	0.012	0.109	1	KHSRP	c21
0.00539795106489225	-0.89477415148809	0.012	0.105	1	STARD4	c21
2.21324566341029e-06	-0.894286271320841	0.023	0.255	0.0742278330594543	SP110	c21
0.350832122535167	-0.893615252657816	0	0.01	1	FZD6	c21
0.0143956920351279	-0.891446236298724	0.012	0.087	1	HSPA13	c21
0.0791682512362396	0.888834935098569	0.012	0.056	1	DEXI	c21
0.0338489011205081	0.888268809658363	0.023	0.092	1	CEP164	c21
2.88217415193068e-06	-0.888162954199678	0.058	0.313	0.096662356707451	PARP14	c21
0.0166023494151216	-0.887967581716557	0.012	0.085	1	NABP1	c21
0.0175334802715559	-0.887766831694705	0.012	0.084	1	SLF2	c21
0.101551150765025	0.887366357192084	0.012	0.051	1	XRCC3	c21
0.362826332098992	-0.88690327061228	0	0.01	1	AL451085.2	c21
0.210001295624593	0.886052927670034	0.012	0.038	1	CCDC88A	c21
0.356761515810664	-0.885848636801547	0	0.01	1	MEGF8	c21
0.000525703406954507	-0.885499439175384	0.023	0.167	1	KMT2C	c21
0.000375966637040144	-0.885118926565335	0.023	0.173	1	LEO1	c21
6.80426662224282e-08	-0.884888721062131	0.023	0.305	0.0022820149397678	CIAO1	c21
0.0579325396156893	0.884133025068585	0.012	0.062	1	RBM4B	c21
0.00152694438535713	-0.88396658312808	0.023	0.149	1	SEL1L	c21
0.00226316059965376	-0.883752723552902	0.012	0.121	1	CCDC174	c21
0.554306829627799	0.883143348226184	0.012	0.021	1	FAM210B	c21
1.07114355819728e-07	-0.883023759368244	0.035	0.32	0.00359240126548205	NARF	c21
0.000438234904553441	-0.882918360257571	0.012	0.149	1	LAIR1	c21
0.0576099945828756	-0.882839020377462	0.012	0.061	1	PIF1	c21
0.00147033752241994	-0.882691669301232	0.012	0.128	1	XPA	c21
3.57224786845971e-05	-0.882203910731133	0.012	0.19	1	C1orf52	c21
0.134704295928076	0.882194573271525	0.012	0.046	1	AACS	c21
0.325704985698696	-0.881796878450068	0	0.011	1	LTB4R2	c21
0.00667303965898884	-0.881319007348856	0.012	0.101	1	WWP2	c21
0.00200108587621638	-0.881081130369368	0.012	0.123	1	NDEL1	c21
1.41855316173229e-05	-0.880599021678736	0.012	0.205	0.475754359381776	RAE1	c21
0.217399686235205	-0.880302169551899	0	0.017	1	AC104823.1	c21
0.450095323570764	0.879347414707758	0.012	0.025	1	LTK	c21
4.00440581875721e-05	-0.878875049242595	0.012	0.189	1	ZFAND6	c21
0.331079829460198	-0.878112373369065	0	0.011	1	LOXL1	c21
0.093243100338968	0.876827439807644	0.012	0.053	1	PLCXD1	c21
0.325704985698696	-0.876705034489317	0	0.011	1	AC005037.1	c21
0.0594172168379438	0.876575686847333	0.035	0.099	1	PLCB2	c21
8.5292320870149e-07	-0.876503363691903	0.023	0.269	0.0286053385734306	UBQLN1	c21
0.00173264723906899	-0.876404881376723	0.012	0.125	1	UBE2Z	c21
0.0206097130285221	-0.874220332097802	0.012	0.081	1	ZNF335	c21
2.40159919902795e-05	-0.874199137189846	0.012	0.197	0.805448339369993	TCF19	c21
4.97755285793805e-05	-0.872065505508158	0.047	0.248	1	NKTR	c21
0.307755471736708	-0.87196746055284	0	0.012	1	PLS1	c21
0.00758914376615552	-0.870857551822653	0.012	0.099	1	MARK2	c21
0.0867714302425061	0.870384848069291	0.012	0.054	1	CLOCK	c21
0.333810547719748	-0.87018041556911	0	0.011	1	DOK4	c21
0.00138765819898518	-0.869990453061856	0.035	0.171	1	CXCR6	c21
0.269076119282885	-0.869481523100587	0	0.014	1	HIST1H2BI	c21
0.0808464818904566	0.869194959218936	0.023	0.075	1	SUSD6	c21
0.000315757161720631	-0.866867190046698	0.012	0.155	1	CRTAP	c21
0.230863515997362	-0.865635140332876	0	0.016	1	SMKR1	c21
0.331079829460198	-0.865579306391184	0	0.011	1	PPT2	c21
0.215964991696068	0.864592128107436	0.012	0.037	1	FAAP100	c21
0.00185824954111845	-0.864261307853297	0.012	0.124	1	ARID1B	c21
0.000653810829884281	-0.864236941291117	0.012	0.142	1	PRKAR2A	c21
0.0230652669039873	-0.863259443736101	0.012	0.079	1	C18orf25	c21
0.345033431324977	-0.863089481759422	0	0.01	1	ZKSCAN3	c21
0.310981546426329	0.863057129444533	0.012	0.031	1	DYRK2	c21
0.000198717723550277	-0.862616889391117	0.012	0.162	1	ASB8	c21
0.0510139124015278	-0.862523511389171	0.012	0.064	1	EMC1	c21
0.000112989362979573	-0.862149358449288	0.012	0.172	1	ASNSD1	c21
0.317852352805662	-0.862094548456429	0	0.011	1	PANK1	c21
0.0445024570625888	0.861023128831737	0.023	0.086	1	LFNG	c21
0.295698829716944	-0.860423609020951	0	0.013	1	AL359513.1	c21
0.300448825015632	-0.860237821641984	0	0.012	1	CCDC189	c21
0.000119815013241662	-0.858612846656069	0.023	0.193	1	ARFGAP2	c21
0.00142801103065534	-0.858196243278337	0.012	0.129	1	KIN	c21
0.347181152925766	0.85782819196077	0.012	0.029	1	ABCA7	c21
0.0714941353088854	0.857779948954445	0.023	0.077	1	MAP3K14	c21
0.323059935381559	-0.857399055518155	0	0.011	1	SPATA7	c21
0.000175404940921785	-0.857022914427719	0.012	0.165	1	ERICH1	c21
0.0647043984719945	0.856664466192461	0.012	0.06	1	TBC1D31	c21
0.0130748165780226	-0.854233477588478	0.012	0.089	1	LEF1	c21
0.339360980532741	-0.853006604307676	0	0.011	1	SPIN4	c21
0.000267037632295961	-0.852494271138431	0.012	0.158	1	UNC50	c21
6.87866975796665e-08	-0.851991399384786	0.047	0.348	0.00230696826342686	RNF10	c21
0.000687374520279269	-0.851820025822726	0.012	0.141	1	DMAC2	c21
0.305295221544603	-0.851710024971837	0	0.012	1	SNAI3-AS1	c21
0.0782176704521021	0.851055950504177	0.012	0.056	1	AL365361.1	c21
0.00378787446516542	-0.849658489687525	0.012	0.111	1	ABHD17A	c21
0.353780192683078	-0.849628486417028	0	0.01	1	ZNF565	c21
7.7200223727598e-10	-0.84915801059238	0.035	0.384	2.58914110337618e-05	CYTOR	c21
0.00625196463964372	-0.848266838456992	0.012	0.102	1	HAPLN3	c21
1.31951413041557e-05	-0.847153538014627	0.023	0.228	0.442538649058775	MOB3A	c21
0.0190847554991437	-0.846963455576755	0.012	0.082	1	WASHC5	c21
0.0384196229424024	0.846779193569194	0.012	0.069	1	SLC9B2	c21
0.29844918292705	0.846771438705334	0.012	0.032	1	CARMIL2	c21
0.239774936518949	-0.846246432750014	0	0.016	1	CDC42EP1	c21
0.00391575877913863	-0.845905377684699	0.012	0.111	1	NBR1	c21
0.00775880026078288	0.845315251476384	0.047	0.16	1	TP53I13	c21
0.307755471736708	-0.845090647767143	0	0.012	1	TOLLIP-AS1	c21
0.0212266261137064	-0.844762561141257	0.012	0.08	1	SYVN1	c21
0.000159665605504029	-0.844312408929469	0.012	0.166	1	MCMBP	c21
0.271178981298372	-0.844173807761488	0	0.014	1	AC024592.3	c21
0.00322056122855464	-0.844095147338007	0.012	0.114	1	XPO6	c21
0.000473474607669567	-0.843828268030004	0.012	0.148	1	TWISTNB	c21
0.353780192598363	-0.842844923509437	0	0.01	1	ZNF816	c21
0.0016691993180313	-0.841840622685979	0.012	0.126	1	OPA1	c21
0.339360980532741	-0.841163898633587	0	0.011	1	AC018816.1	c21
0.28200012727164	-0.840716128126478	0	0.013	1	GPR160	c21
0.362826332098992	-0.84022517459571	0	0.01	1	TCN2	c21
0.00971205104642209	-0.840056372442047	0.012	0.094	1	CSF1	c21
0.000254138923531853	-0.839853270207124	0.012	0.158	1	EXOSC5	c21
0.00938347679877597	-0.839241585126171	0.012	0.095	1	HCG18	c21
0.40157743058549	0.8388613266155	0.012	0.026	1	UVSSA	c21
0.286477075021062	-0.838684636833718	0	0.013	1	AL359834.1	c21
2.2415493490624e-05	-0.838288440624223	0.012	0.198	0.751770820688549	EIF3J	c21
0.00629876657554968	-0.837815946707062	0.012	0.102	1	XPC	c21
0.000161947379964516	-0.837694270720398	0.012	0.166	1	SHCBP1	c21
0.000476325962984497	-0.836321439562258	0.012	0.148	1	TFIP11	c21
0.00264931903716109	-0.83516523489651	0.012	0.118	1	ITGB2-AS1	c21
0.000523165409431831	-0.834081548020886	0.012	0.146	1	MLLT6	c21
1.57129460751319e-07	-0.833869126226561	0.035	0.315	0.00526980785467774	HUWE1	c21
1.20257760543345e-05	-0.833625723403513	0.023	0.229	0.40332047731027	PHF20L1	c21
0.00902917582209653	-0.83348849505823	0.012	0.096	1	SPHK2	c21
0.0197220454171217	0.833344907601832	0.023	0.102	1	ATE1	c21
0.234380438866425	-0.833175417312879	0	0.016	1	S100A2	c21
0.218575356052588	0.83264076173286	0.012	0.037	1	HIST2H2BF	c21
3.31225909741312e-05	-0.832397776564779	0.012	0.192	1	BCL7C	c21
0.000410699448670717	-0.832132083101055	0.012	0.15	1	GCN1	c21
0.328378131553408	-0.832105165462262	0	0.011	1	LINC01504	c21
4.52260791840829e-05	-0.830970402225237	0.012	0.187	1	QARS	c21
0.000116211638746223	-0.83026824185178	0.023	0.193	1	ATXN2L	c21
0.350832122535167	-0.829616846783722	0	0.01	1	ZNF8	c21
0.312751953497349	-0.828984906494824	0	0.012	1	NAT14	c21
2.95663243552474e-09	-0.827309555422272	0.035	0.368	9.91595386226287e-05	DCAF7	c21
0.00514924399704101	-0.827180393313652	0.012	0.106	1	POM121C	c21
0.293359111374593	-0.824201420210675	0	0.013	1	SNHG4	c21
0.310240920928682	-0.824072240015055	0	0.012	1	PGBD1	c21
0.000143961636275845	-0.823530629059325	0.012	0.168	1	NSUN2	c21
0.000343384835487642	-0.822686623693984	0.023	0.175	1	PSMG4	c21
0.252945623542642	-0.821523758502235	0	0.015	1	B4GALT2	c21
0.0436392439081263	-0.819742396856125	0.012	0.067	1	CDR2	c21
6.43102415388867e-10	-0.819389144902346	0.035	0.387	2.15683688073118e-05	PSMC2	c21
0.315288962988528	-0.819345417320165	0	0.012	1	SNHG19	c21
0.000858262537988658	-0.819089671861096	0.023	0.159	1	YLPM1	c21
0.000921978830549219	-0.818699594963524	0.012	0.136	1	UIMC1	c21
0.0016390436786223	-0.818650416901352	0.012	0.126	1	TMUB2	c21
0.323059935456748	-0.818571696341126	0	0.011	1	AL118506.1	c21
0.298061953411382	-0.818262356525138	0	0.012	1	RNF32	c21
0.356761515810664	-0.817884452621422	0	0.01	1	HIST1H4E	c21
0.284227700400528	-0.817826468992645	0	0.013	1	HIST1H2AI	c21
0.0818359529988172	0.81741612479225	0.012	0.055	1	BRF1	c21
0.0134989638425567	-0.817310852140088	0.012	0.088	1	GPR132	c21
2.2108741482713e-07	-0.816888233527832	0.035	0.31	0.0074148297184723	PHIP	c21
0.312751953497349	-0.816418051757009	0	0.012	1	GGPS1	c21
3.31430705650262e-06	-0.815919474901522	0.058	0.312	0.111155230060985	NOP58	c21
0.273114041538074	0.815781532540246	0.012	0.033	1	C2CD2L	c21
0.104249534874858	-0.815624332646564	0.012	0.05	1	CWF19L2	c21
0.05373059359791	-0.815109542934954	0.012	0.063	1	ETV6	c21
0.288748558130288	-0.814952074336301	0	0.013	1	AC011611.3	c21
0.122066580075061	0.814041455589908	0.012	0.048	1	RHBDF2	c21
3.48193136758651e-07	-0.813609208391785	0.023	0.282	0.0116777014206116	TESC	c21
0.00191794530702979	-0.813188621167252	0.012	0.124	1	WDR43	c21
0.0775617956924265	0.812904309570305	0.023	0.075	1	GTF3C3	c21
0.121237371284425	0.812836144667958	0.012	0.048	1	DNAJC24	c21
0.000493053169781957	-0.812675325486585	0.012	0.147	1	SH3BP2	c21
0.0275529115676412	0.812315430502956	0.012	0.075	1	IMPACT	c21
0.00170922481544029	-0.81197291865913	0.012	0.126	1	ANO6	c21
0.00267527153156414	0.811632266057898	0.07	0.22	1	AP3D1	c21
0.12602105406223	0.811076764066773	0.023	0.066	1	MYBBP1A	c21
0.000450631154492755	-0.810346123953273	0.012	0.149	1	NUB1	c21
1.04689561127472e-07	-0.809799486862597	0.023	0.299	0.00351107850109316	CKLF	c21
3.73677581896652e-07	-0.809700905286707	0.035	0.303	0.0125323987416499	TNIP2	c21
0.323059935456748	-0.809611848221084	0	0.011	1	GMPR	c21
0.0393963506498561	-0.809528832805195	0.012	0.069	1	CIITA	c21
0.300777509318329	0.809401038244532	0.012	0.032	1	SLC26A11	c21
0.0350251978696748	-0.809324254443452	0.012	0.071	1	KIDINS220	c21
0.277609189654283	-0.808252064124149	0	0.014	1	AC058791.1	c21
9.78016413049166e-07	-0.807509197943753	0.023	0.267	0.0328007144608429	HNRNPL	c21
0.0622379270664061	0.807411920846718	0.012	0.06	1	FAM129B	c21
0.232614162065296	-0.805336216914274	0	0.016	1	YTHDF3-AS1	c21
0.0140394963547061	-0.805287001726216	0.012	0.088	1	P3H1	c21
0.0756505164245909	0.80489181994844	0.012	0.057	1	SFR1	c21
0.356761515810664	-0.804858604258243	0	0.01	1	ZNF597	c21
4.09553629189062e-07	-0.804510256642546	0.035	0.302	0.0137356096157428	MCM6	c21
0.0935985014727254	0.80406716263332	0.023	0.072	1	GAB3	c21
0.00433606853685625	-0.804037930565078	0.012	0.109	1	RICTOR	c21
0.000382219723284385	-0.803858409601903	0.012	0.151	1	PI4KB	c21
0.000425295922916776	-0.80345289895282	0.012	0.15	1	HERC2	c21
0.00547109023139544	0.802873397775378	0.047	0.166	1	PMPCA	c21
0.310240920928682	-0.802521726377841	0	0.012	1	NRSN2	c21
0.356761515810664	-0.802223701374293	0	0.01	1	PRR5	c21
0.307755471736708	-0.802132117318746	0	0.012	1	ZNF133	c21
1.26989582166087e-07	-0.801318122592833	0.023	0.296	0.00425897660668621	VPS25	c21
0.305295221544603	-0.799826479277536	0	0.012	1	DNAJC12	c21
5.96223339731707e-08	-0.799386287239687	0.058	0.371	0.0019996138367922	SMCHD1	c21
0.0494040057064346	0.798696111985444	0.023	0.084	1	FBXO44	c21
0.36282633201135	-0.79786889586106	0	0.01	1	CEP170B	c21
0.0561106893485555	0.797137923066878	0.035	0.1	1	PPP6R2	c21
2.03934394909354e-05	-0.796846738833772	0.035	0.243	0.683955173646993	CD69	c21
0.356761515810664	-0.795276536678033	0	0.01	1	MAP3K21	c21
0.0450283482509704	0.794141130017807	0.023	0.086	1	ANKRD49	c21
0.279794055106982	-0.793607421487313	0	0.013	1	PRELID2	c21
0.276921583831206	0.793456314265153	0.012	0.033	1	PNPLA4	c21
0.310240920928682	-0.793387864381191	0	0.012	1	AP001033.1	c21
3.38143035744427e-08	-0.793088933479993	0.023	0.314	0.00113406411327966	MRPL55	c21
7.30824631413654e-05	-0.793026732739686	0.023	0.201	1	TLK1	c21
0.345033431243039	-0.791485355525897	0	0.01	1	CRIM1	c21
0.310240920928682	-0.791288234961882	0	0.012	1	AC002091.2	c21
0.0673188060892105	0.790876416339712	0.012	0.059	1	BICD2	c21
5.25778417004294e-06	-0.790605090165562	0.035	0.264	0.1763355654949	DNAJB1	c21
0.00125154111504544	-0.790515212988246	0.012	0.131	1	TRA2A	c21
0.320442535820421	-0.790445187554929	0	0.011	1	AL121603.2	c21
0.0125780641301079	0.789800065493033	0.035	0.13	1	MUC20-OT1	c21
0.284227700400528	-0.789768014871647	0	0.013	1	AC103691.1	c21
0.00162870402175737	0.78928724217946	0.023	0.148	1	TBC1D9B	c21
0.362826332098992	-0.788506635530372	0	0.01	1	DNMBP	c21
0.0284224787524925	0.787667817971854	0.023	0.095	1	CPSF1	c21
7.85014898866218e-08	-0.787644385079006	0.047	0.346	0.00263278296781752	TMBIM1	c21
0.000142065795817744	-0.786924919616718	0.012	0.168	1	NCAPH2	c21
0.331079829382582	-0.785762290564776	0	0.011	1	OPN3	c21
0.307755471736708	-0.785607661108323	0	0.012	1	DDIT4-AS1	c21
2.31012113104225e-07	-0.785528929945331	0.047	0.331	0.0077476842492895	TYMP	c21
0.345033431324977	-0.785261184035213	0	0.01	1	AL117332.1	c21
0.00134300841976391	-0.784185109201213	0.012	0.13	1	DENND4C	c21
9.130960477402e-05	-0.783431543807221	0.012	0.175	1	TRIM21	c21
0.00364133003208561	-0.783113236815964	0.012	0.112	1	PCBD2	c21
5.9698146259928e-06	-0.782574208126961	0.023	0.24	0.200215642926547	DDX27	c21
0.0840025358611823	0.781973829534189	0.012	0.055	1	CHKB	c21
6.34596663185886e-05	-0.781482620995842	0.023	0.203	1	PARP9	c21
3.24700606500522e-05	-0.78109273895902	0.023	0.214	1	CDV3	c21
0.168033665247421	0.778644833061305	0.023	0.06	1	MAN2C1	c21
4.30421949733582e-07	-0.778444304540084	0.035	0.301	0.0144354913501649	ARHGAP4	c21
0.345033431324977	-0.778427050393103	0	0.01	1	HS6ST1	c21
0.00247102465237463	-0.778326739275148	0.012	0.119	1	ATF6	c21
0.331079829460198	-0.777514594001515	0	0.011	1	SMAD1	c21
0.0564421477474047	0.777260559307833	0.012	0.062	1	NACC1	c21
0.00101757629819975	-0.776446877298624	0.012	0.135	1	TRIM8	c21
0.00144137211001231	-0.776239089510288	0.012	0.129	1	ABHD5	c21
0.004167157446391	-0.775733707832258	0.012	0.11	1	MCRIP2	c21
9.83034914015156e-05	-0.773779609331048	0.012	0.174	1	KATNBL1	c21
0.000718338021228184	-0.773583385092217	0.012	0.141	1	SBF1	c21
0.0237007603011817	-0.772402634023674	0.012	0.078	1	HMGCS1	c21
0.0470571524013349	-0.771987235350815	0.012	0.065	1	SLC4A10	c21
0.271178981298372	-0.771914439887071	0	0.014	1	NHEJ1	c21
0.0263132994788446	0.771874095725161	0.023	0.096	1	NMD3	c21
0.271178981298372	-0.769817512942288	0	0.014	1	LIPT2	c21
0.0110604634150465	-0.769594050956046	0.012	0.092	1	KDM4C	c21
0.339360980532741	-0.768285440965713	0	0.011	1	IFT140	c21
0.00247036981634313	-0.767576146777495	0.012	0.119	1	RETREG2	c21
0.000158591770111476	-0.766901850169182	0.012	0.166	1	RNPEP	c21
0.0539391784729512	0.766855809179687	0.012	0.063	1	MAPK7	c21
2.76968881610197e-05	-0.766646757723461	0.023	0.216	0.928898235144279	RANGAP1	c21
0.325704985698696	-0.764398935033717	0	0.011	1	JRKL	c21
0.00198795861008505	-0.764100367390825	0.012	0.123	1	PIGP	c21
0.000808128755661516	-0.763048409040266	0.023	0.16	1	ATXN1	c21
0.34791672377358	-0.762395593043368	0	0.01	1	SFN	c21
0.000593827969379122	-0.761959656920445	0.012	0.144	1	DIDO1	c21
0.243452930812788	-0.761119511048738	0	0.016	1	GLIDR	c21
1.8753161362509e-06	-0.759319100344294	0.035	0.28	0.0628943525775825	CCDC69	c21
0.00473143831830291	-0.759069065922003	0.012	0.108	1	FAM168B	c21
0.0350164325654999	-0.757836534493131	0.012	0.071	1	ERAP2	c21
0.000123658774513986	-0.75763970609505	0.023	0.192	1	ADAM8	c21
1.14657008826977e-06	-0.757154353484579	0.012	0.243	0.0384536676203917	ERGIC2	c21
9.9463625781873e-08	-0.756718453610118	0.07	0.385	0.00333581108147246	ADAR	c21
0.00224716355890821	-0.756310854124846	0.012	0.121	1	RNF41	c21
1.91982244611627e-06	-0.755656683610279	0.035	0.279	0.0643870051978475	NPDC1	c21
0.28200012727164	-0.754585425285321	0	0.013	1	TBCEL	c21
5.25598715500866e-05	-0.752921703048668	0.012	0.184	1	ARMC1	c21
0.347916723856428	-0.751469313536304	0	0.01	1	MYL9	c21
0.00485388538887771	-0.750846535962935	0.012	0.107	1	CENPL	c21
2.42431256538172e-12	-0.750460302524826	0.07	0.515	8.13065948177721e-08	EIF3A	c21
0.0196066663144213	0.750101459824204	0.023	0.102	1	CIT	c21
0.0186189883483062	-0.749284542027651	0.012	0.082	1	KDM6A	c21
0.0102271411428048	-0.749211583153131	0.012	0.093	1	PCNX4	c21
0.0235402824413425	-0.748954329324373	0.012	0.078	1	EEF2K	c21
0.342181695002163	-0.748788099540543	0	0.01	1	TRIQK	c21
0.0262657309566503	0.748262168794129	0.023	0.096	1	MAPKAPK5	c21
0.000441483783476563	-0.747263966848835	0.012	0.149	1	PREX1	c21
0.102144339510453	0.745009057902073	0.012	0.051	1	GORAB	c21
3.94364473363422e-05	-0.74492821897761	0.047	0.252	1	NIPBL	c21
0.347916723856428	-0.743599263138217	0	0.01	1	TSNARE1	c21
0.28200012727164	-0.74286590820643	0	0.013	1	AC093512.2	c21
0.0750026847214016	0.742466246222855	0.058	0.13	1	UBR2	c21
0.000815629534444773	-0.741984467140825	0.012	0.139	1	RAB5C	c21
0.310240920857292	-0.741287818863517	0	0.012	1	PSMA8	c21
2.63655353386099e-09	-0.740511590891762	0.093	0.475	8.842473241863e-05	RBM25	c21
0.0112162589440085	-0.740310136646527	0.012	0.092	1	POLE	c21
0.125966205532087	0.739532508851504	0.012	0.047	1	TRUB1	c21
4.27159787410724e-05	-0.738657874835179	0.023	0.209	1	HELZ	c21
0.000744401880731736	-0.738611324396681	0.012	0.14	1	PARD6A	c21
1.99704216654186e-06	-0.738198117339156	0.023	0.257	0.066976800181481	RNF34	c21
0.000898287900578862	-0.7374875437685	0.012	0.137	1	BRI3BP	c21
0.000873062962414135	-0.737464268283454	0.012	0.137	1	OXSR1	c21
0.201617639478519	-0.736552758181673	0.012	0.038	1	FBXL20	c21
0.317852352805662	-0.736474310541007	0	0.011	1	GOLM1	c21
0.339360980532741	-0.73606828484689	0	0.011	1	KLHL25	c21
0.300448825015632	-0.735900531489143	0	0.012	1	SHISA4	c21
0.558004415923302	0.735655483075121	0.012	0.021	1	SAPCD2	c21
0.000295547940943123	-0.735399154722614	0.012	0.156	1	DCP1A	c21
0.331079829460198	-0.735340896726252	0	0.011	1	AC091982.3	c21
0.000166908602626225	-0.734860786798405	0.012	0.165	1	RAF1	c21
0.0440318097588008	0.734014664620968	0.012	0.067	1	PLOD1	c21
0.000331460884324527	-0.733907628864453	0.012	0.154	1	COX19	c21
0.000687748035335572	-0.733145196480489	0.012	0.141	1	OAS3	c21
0.0338929375925406	-0.732175260569381	0.012	0.071	1	C15orf53	c21
0.328378131553408	-0.72997612378155	0	0.011	1	MATN2	c21
0.196316042213096	0.72949618902271	0.012	0.039	1	ZNF397	c21
0.359776690295609	-0.728576712118994	0	0.01	1	AC015813.1	c21
0.170808799565773	0.728308422972013	0.012	0.042	1	GMEB2	c21
0.356761515810664	-0.727385826490294	0	0.01	1	PER2	c21
0.342181695164253	-0.727199708829802	0	0.01	1	LINC00526	c21
0.168595143503016	0.726995529036481	0.012	0.042	1	GPR18	c21
0.00551180242796102	-0.726836514573889	0.012	0.105	1	ZNF302	c21
0.294256897531749	0.724858838233622	0.012	0.032	1	ZNF263	c21
0.00441836957868226	-0.723902397558192	0.023	0.129	1	TTC17	c21
0.0107308635189043	0.723459574052761	0.047	0.153	1	CSNK2A1	c21
1.71502372760108e-06	-0.723265816733332	0.023	0.259	0.0575184657762852	FKBP5	c21
0.00012536374770927	-0.722784478583101	0.012	0.17	1	ATPAF1	c21
9.35082677112068e-09	-0.722670499811921	0.047	0.375	0.000313608028249845	NCF4	c21
0.00556331234387343	-0.722262891188749	0.012	0.105	1	FAM78A	c21
6.93954886150763e-07	-0.721867741058605	0.023	0.272	0.0232738589717243	EBNA1BP2	c21
0.000434771076371081	-0.720912424597076	0.012	0.149	1	TRIM14	c21
0.00122942819480481	-0.720728802567165	0.012	0.131	1	MBD2	c21
0.251012212647478	-0.720678895341035	0	0.015	1	SLX1A	c21
0.245323869642868	0.719424510189236	0.012	0.035	1	AC022706.1	c21
0.000893213867251706	-0.71869744676721	0.023	0.158	1	DTX3L	c21
0.550397361014314	0.718324055488476	0.012	0.021	1	ADTRP	c21
0.0651436168192719	0.71828677398678	0.012	0.059	1	ZNF277	c21
0.113500729047599	0.717894055023218	0.012	0.049	1	IRF2BPL	c21
2.98957355663855e-11	-0.717628120313248	0.081	0.51	1.00264317942544e-06	HNRNPR	c21
1.44196861410207e-05	-0.717532241615561	0.035	0.248	0.483607433797552	SAFB2	c21
2.68367770962979e-06	-0.717227039272575	0.035	0.274	0.0900051830255639	LAMP1	c21
0.015633837029354	-0.715425060254418	0.012	0.086	1	EEF2KMT	c21
0.000200050194425762	-0.715336111055137	0.035	0.204	1	PDE3B	c21
0.102144339522617	0.715134902312894	0.012	0.051	1	VARS2	c21
0.0037848893678202	-0.714359324876681	0.012	0.111	1	GPATCH2L	c21
0.000104965481960777	-0.713668406653122	0.023	0.195	1	ISOC2	c21
0.015759264034987	0.713278231621779	0.023	0.106	1	ZC3HC1	c21
0.0261626715296591	-0.712936934348829	0.012	0.076	1	LIMK2	c21
4.22052833850927e-09	-0.712724307238613	0.07	0.428	0.000141548079416924	NOP53	c21
0.0027010688398875	-0.712514338013396	0.012	0.118	1	PAIP1	c21
0.00104601663837582	-0.711919108318891	0.012	0.134	1	PIGS	c21
0.152447030643347	0.711875877759551	0.023	0.062	1	TRAPPC12	c21
0.0114437139674267	-0.711855890710779	0.012	0.091	1	NOL10	c21
0.000743796490315933	-0.711736242510825	0.012	0.14	1	EFR3A	c21
0.0507527558082334	0.711329701537405	0.058	0.139	1	MYO9B	c21
0.2608603266199	-0.710662332081398	0	0.014	1	SLX1B	c21
0.353780192598363	-0.710326227897451	0	0.01	1	WDR86	c21
0.000351097261498226	-0.709992642146517	0.012	0.153	1	IBTK	c21
0.100205050436727	0.709051415491415	0.012	0.051	1	GANC	c21
0.446657990721649	0.707069596749068	0.012	0.025	1	SLC8B1	c21
0.00123664591615488	-0.706403611500008	0.012	0.131	1	PDS5B	c21
5.93943553309782e-06	-0.706175351347239	0.023	0.24	0.199196788909035	RACGAP1	c21
3.94024022736322e-06	-0.705635215532049	0.023	0.247	0.132147776745308	METTL23	c21
0.00356639674904509	-0.704914214871879	0.012	0.113	1	EEFSEC	c21
0.0407115415269324	-0.704846764702157	0.012	0.068	1	E2F6	c21
3.50633970992315e-12	-0.704057291006143	0.081	0.532	1.17595621191403e-07	SRSF11	c21
0.339360980532741	-0.703980278559746	0	0.011	1	AL121983.2	c21
0.315288963061402	-0.703806717531672	0	0.012	1	ZNF761	c21
0.119938062027936	0.70358094446411	0.047	0.102	1	TMEM63A	c21
0.000950117750010521	-0.703420345232386	0.012	0.136	1	SREBF2	c21
9.35297968429095e-07	-0.703340571111009	0.035	0.29	0.031368023265175	ANKRD10	c21
0.347916723856428	-0.703188551524893	0	0.01	1	SLC17A9	c21
7.16454620930397e-09	-0.702866641893162	0.058	0.4	0.000240284550767637	EIF5B	c21
0.00384539330459455	-0.70241152621316	0.012	0.111	1	MRPS27	c21
0.0461321429186488	0.702002143072244	0.012	0.066	1	ELF4	c21
0.0505034319316894	-0.701763146215335	0.012	0.064	1	NR2C2	c21
0.345033431324977	-0.700937628827469	0	0.01	1	ANKRD9	c21
0.00999588470165243	-0.699810492342675	0.012	0.094	1	PPP1R9B	c21
1.95366575961878e-06	-0.699595351248741	0.058	0.32	0.0655220422460947	HIST1H1C	c21
0.27544524268799	-0.698992082834886	0	0.014	1	STIMATE	c21
0.0298209520946582	-0.697940624157739	0.012	0.074	1	MBD5	c21
6.15884654138302e-06	-0.697471261849188	0.035	0.262	0.206555395304904	BIRC6	c21
0.00112083607837997	-0.696634625034989	0.023	0.154	1	PHF6	c21
0.0493234932495812	0.696496417967154	0.035	0.103	1	ZNF33A	c21
0.126087568333182	0.695695917214017	0.012	0.047	1	ATG2B	c21
0.0263275623845541	-0.695304858866876	0.012	0.076	1	DHX33	c21
0.0381997250253854	-0.695246198614633	0.012	0.069	1	CEP57L1	c21
0.00259847312321529	0.694042882846983	0.035	0.16	1	RBM10	c21
0.0478241009506946	0.693957246188457	0.023	0.085	1	NCOA2	c21
0.0302204107066779	-0.693595024393793	0.012	0.074	1	LDLRAP1	c21
0.317852352732028	-0.69355970518476	0	0.011	1	METTL27	c21
3.6605674684988e-05	-0.693495369018875	0.023	0.212	1	WASHC1	c21
0.143702724346019	0.692688552894784	0.012	0.045	1	WDR24	c21
0.317852352732028	-0.692654940597094	0	0.011	1	AC007114.1	c21
0.264929604702386	-0.692237929499584	0	0.014	1	C6orf52	c21
0.121208149425309	0.690802190978411	0.012	0.048	1	ARFGEF2	c21
0.000326353949249818	-0.68918542466747	0.058	0.235	1	LNPEP	c21
0.0146274693306242	-0.68874673452919	0.012	0.087	1	PTEN	c21
0.00204369380865707	-0.688625865315863	0.012	0.122	1	THUMPD2	c21
0.292590366528277	0.688232967973468	0.012	0.032	1	ATXN1L	c21
0.356761515553646	-0.687714413128176	0	0.01	1	TMEM86B	c21
0.102148683634165	0.686462325375896	0.023	0.07	1	HOOK2	c21
0.302859794907425	-0.686345552595394	0	0.012	1	C16orf45	c21
0.000770550910542897	-0.686049413001244	0.012	0.14	1	UMPS	c21
0.00234420736666505	-0.686045484017167	0.012	0.12	1	AMDHD2	c21
0.0454639943714056	-0.685876076435133	0.012	0.066	1	CTC1	c21
0.000849677695443345	-0.685759312117265	0.012	0.138	1	PUM2	c21
0.000660580495069687	-0.685757117049937	0.012	0.142	1	PRPF3	c21
0.00693492044774917	-0.685686269570945	0.023	0.121	1	SLC4A2	c21
0.000281982320728363	-0.685426432984383	0.035	0.199	1	SATB1	c21
0.077637207030858	0.685303335490827	0.035	0.093	1	KDM2B	c21
0.0345886263367527	-0.684797867207906	0.012	0.071	1	HECA	c21
0.0335181090103823	0.683973287477337	0.023	0.092	1	ZNF592	c21
0.350832122535167	-0.682885534489244	0	0.01	1	ETV5	c21
0.00115867466398581	-0.682520164802809	0.023	0.154	1	KIF21B	c21
0.359776690295609	-0.682062277145078	0	0.01	1	DMXL2	c21
0.0443549519288349	-0.681727584031631	0.012	0.066	1	APOL1	c21
0.0563568442182724	-0.681360090634326	0.012	0.062	1	TBCK	c21
0.00828490316882853	-0.680550631344608	0.012	0.097	1	WDR12	c21
9.7940910429499e-10	-0.680066006619398	0.058	0.426	3.28474225398454e-05	APOBEC3G	c21
0.00128944938718492	-0.679796851268207	0.012	0.131	1	B4GALT1	c21
0.333810547719748	-0.678483127763309	0	0.011	1	TNFSF4	c21
0.587025326733394	0.677976421908942	0.012	0.02	1	ZNF510	c21
0.305295221544603	-0.677832894545457	0	0.012	1	OAZ3	c21
0.00112160656694618	-0.677435571124189	0.012	0.133	1	CDK16	c21
4.47765398310027e-05	-0.677403731670204	0.023	0.209	1	SEMA4D	c21
0.188456854373375	0.676936259779009	0.023	0.058	1	ATP9B	c21
0.331079829460198	-0.675977539684702	0	0.011	1	AC108047.1	c21
0.00844289123040136	-0.675928815867393	0.012	0.097	1	ANKFY1	c21
0.00454329556230068	-0.675267643349716	0.012	0.108	1	MAP2K7	c21
0.102169113915467	0.673852071622643	0.012	0.051	1	ADPRH	c21
0.00796108755486114	-0.673813260989107	0.012	0.098	1	MLKL	c21
0.00755250020663244	-0.673774039468292	0.012	0.099	1	CEP295	c21
0.0436372130947879	-0.673475790417819	0.012	0.067	1	ASCL2	c21
0.112617689330669	0.673112280748512	0.023	0.068	1	SREBF1	c21
6.78486411606401e-05	-0.672940003479188	0.012	0.18	1	RANBP3	c21
0.342181695164253	-0.67269296967955	0	0.01	1	ZBTB9	c21
0.0569890970052167	0.671714444860171	0.023	0.081	1	REC8	c21
0.295698829716944	-0.670767311417632	0	0.013	1	CA8	c21
0.315288963061402	-0.670328361978759	0	0.012	1	ST20-AS1	c21
0.0521371134387556	-0.67018580343935	0.012	0.063	1	ABCC1	c21
0.136350684633084	0.669475163128267	0.023	0.064	1	MLXIP	c21
0.359776690295609	-0.667638820796627	0	0.01	1	TMEM191C	c21
0.00373905185634068	-0.666641614983798	0.012	0.112	1	BTBD1	c21
0.328378131553408	-0.665705624987301	0	0.011	1	C18orf54	c21
0.315288963061402	-0.665625631482594	0	0.012	1	NRAV	c21
0.0112335611313944	-0.665282041849835	0.012	0.092	1	N4BP2	c21
0.00290912102427536	-0.665106359448647	0.012	0.116	1	DHRS7B	c21
0.011725252180241	0.664886561240658	0.023	0.112	1	STAG1	c21
0.0528690539193965	0.664764003939307	0.012	0.063	1	HPS5	c21
3.00232405918351e-10	-0.664542471210257	0.058	0.44	1.00691944296897e-05	CSK	c21
2.84227060757023e-06	-0.663656495637979	0.023	0.252	0.0953240716366903	HADHB	c21
6.41159791347502e-05	-0.662621352015068	0.023	0.203	1	IDH3A	c21
0.0330173876338362	-0.662528140062789	0.023	0.091	1	EIF3J-DT	c21
1.16333922116455e-06	-0.662327133956731	0.035	0.287	0.0390160707994166	DENR	c21
8.77056054746651e-05	-0.661897253538929	0.023	0.198	1	ANKRD17	c21
0.336570766944669	-0.661188910654765	0	0.011	1	TICAM2	c21
0.224425055123803	0.659913494739659	0.012	0.037	1	ZNF83	c21
0.26288543691283	-0.659685353308121	0	0.014	1	DHRS11	c21
0.0328708308776489	0.659611700950951	0.012	0.072	1	TCF3	c21
0.00386177839717254	-0.658819998653771	0.023	0.132	1	TYK2	c21
0.0441092330227036	0.658638591986541	0.035	0.105	1	PPIL2	c21
0.00287520020369547	-0.658578948755832	0.012	0.116	1	ASCC1	c21
0.00117699154132589	-0.658362053213022	0.023	0.153	1	PICALM	c21
8.35967916036216e-05	-0.658154764747272	0.012	0.177	1	MRPL49	c21
0.127918540136959	0.657996777462418	0.035	0.083	1	SEL1L3	c21
0.0703175824384304	-0.657853200963496	0.012	0.058	1	FOXO1	c21
0.00159281404496151	-0.657303924821952	0.035	0.168	1	INCENP	c21
1.55632108492255e-07	-0.657100869728179	0.035	0.315	0.00521958965461325	ST8SIA4	c21
0.325704985698696	-0.656996555461387	0	0.011	1	SYCE2	c21
0.067294552381377	-0.656717420425692	0.012	0.059	1	ELMSAN1	c21
0.00458949235416766	0.655529446280439	0.058	0.189	1	PDS5A	c21
5.11122899125445e-06	-0.654066381395729	0.035	0.264	0.171420397908692	POU2F2	c21
0.249096454953219	-0.653886874890821	0	0.015	1	C1orf53	c21
0.00386532432026794	-0.653384140912467	0.012	0.111	1	HAUS6	c21
1.93717478462875e-06	-0.652472669764382	0.023	0.257	0.0649689679268791	TMF1	c21
0.0386141444629426	-0.650265260561823	0.012	0.069	1	NELFB	c21
1.33252873692162e-13	-0.650146568166169	0.105	0.613	4.46903487788773e-09	SF3B2	c21
0.00190781675533612	-0.649771463721878	0.023	0.145	1	MPRIP	c21
0.00136003984213513	-0.649704527949738	0.023	0.151	1	AHCTF1	c21
0.00779377508403317	-0.649608156669837	0.012	0.098	1	IVD	c21
0.362826332098992	-0.648686757565104	0	0.01	1	NLK	c21
0.000949861295811213	-0.64859546270352	0.012	0.136	1	TSR1	c21
0.0596907316906912	0.648549704546641	0.023	0.08	1	TYW1	c21
0.00196195571702108	-0.647328624307726	0.012	0.123	1	C5orf51	c21
0.00168746261653963	-0.646672086833574	0.012	0.126	1	APP	c21
0.339360980532741	-0.646367705306359	0	0.011	1	NPHP3	c21
3.4801410446364e-08	-0.646123820070858	0.07	0.4	0.00116716970355016	SP100	c21
0.331079829460198	-0.646008799234655	0	0.011	1	PWP2	c21
0.0161602521725913	-0.644818983179166	0.012	0.085	1	UBA7	c21
0.347916723856428	-0.64454061799549	0	0.01	1	EXD2	c21
0.0112993162146266	-0.643539339151731	0.012	0.092	1	MAN1B1	c21
0.0586472594078031	0.642198392766572	0.023	0.081	1	PIDD1	c21
0.000248798408257444	-0.642191959500616	0.012	0.159	1	POLD3	c21
0.0834147788382957	0.641902627811409	0.012	0.055	1	TNFAIP8L1	c21
0.0827855020056493	-0.641163270681774	0.012	0.055	1	BACH2	c21
0.328378131553408	-0.637711151008568	0	0.011	1	FAM229B	c21
0.331079829460198	-0.637176135733676	0	0.011	1	AC010969.2	c21
0.0200062434419297	-0.636848274648484	0.012	0.081	1	MED13	c21
9.06604411650618e-05	-0.636827952716779	0.012	0.175	1	NSMCE4A	c21
0.089044997322833	-0.636474445139516	0.012	0.054	1	ABLIM1	c21
0.300448825015632	-0.636375595128144	0	0.012	1	BEST1	c21
0.342406566752302	0.636231271304544	0.012	0.029	1	ZNF641	c21
0.208598782967826	0.634925273029465	0.012	0.038	1	KDM4B	c21
0.065127600177088	0.634153708685875	0.012	0.059	1	C11orf54	c21
0.264220158051729	0.632649040308667	0.023	0.051	1	CHDH	c21
0.178055519688538	-0.631226143878967	0.012	0.041	1	MIGA1	c21
0.000133064815608195	-0.631108212804679	0.012	0.169	1	ODC1	c21
0.763273603264271	0.629628707320726	0.012	0.016	1	AC087741.1	c21
0.000905315662198767	-0.629364864880398	0.012	0.137	1	FAM219B	c21
0.350832122451395	-0.628511146815105	0	0.01	1	AC073254.1	c21
0.333810547719748	-0.627836007688307	0	0.011	1	U47924.2	c21
0.00134300842588541	-0.627729259391187	0.012	0.13	1	NF2	c21
0.273050564322777	0.627382710131739	0.012	0.033	1	ATP11A	c21
6.73083047221235e-05	-0.627349881794483	0.023	0.202	1	SLC4A1AP	c21
1.55815176127176e-09	-0.626817271764355	0.07	0.441	5.22572937695324e-05	HP1BP3	c21
0.0188935813022834	-0.626225946219468	0.012	0.082	1	PCNX1	c21
0.315288962988528	-0.625911504875623	0	0.012	1	ITPKA	c21
0.0479186530185405	0.625575943261009	0.023	0.085	1	CCDC88B	c21
0.0160813878896575	0.625495075219949	0.023	0.106	1	PI4KA	c21
0.310240920928682	-0.625341008987689	0	0.012	1	TIGD2	c21
0.235091198105573	0.62510799039063	0.012	0.036	1	GOLGA8A	c21
2.95640518807041e-07	-0.624455941763902	0.023	0.284	0.00991519171975055	C19orf66	c21
0.0169724308769395	0.623078958722015	0.012	0.084	1	PCYT2	c21
0.0187569264989813	0.622011410371185	0.023	0.103	1	EP300	c21
0.00671128115237583	-0.620982863334594	0.012	0.101	1	ELOVL6	c21
0.000820247692580727	-0.620047835124177	0.012	0.138	1	INF2	c21
0.0576268329249075	0.619209423566255	0.023	0.081	1	GATD1	c21
0.333810547719748	-0.619199853353803	0	0.011	1	TIGD6	c21
0.00579205565184313	-0.618471988751883	0.023	0.125	1	NFX1	c21
0.328378131553408	-0.618324072199985	0	0.011	1	USP46-AS1	c21
0.000855639706765934	-0.617594856230727	0.012	0.138	1	SRSF6	c21
0.333810547719748	-0.617529530043476	0	0.011	1	ZFP69	c21
0.0736652436533131	0.617193647545567	0.012	0.057	1	CARM1	c21
0.353780192683078	-0.616977807339507	0	0.01	1	ZNF674	c21
0.0525257468464596	0.616343326452956	0.012	0.063	1	TMEM62	c21
0.0304259454809587	-0.615758035578429	0.012	0.073	1	ZDHHC7	c21
0.00200428346733689	-0.614983502726695	0.012	0.123	1	ADCY7	c21
0.339360980532741	-0.614541710721803	0	0.011	1	BTBD19	c21
0.0655535853972192	0.614120445125579	0.012	0.059	1	CRCP	c21
0.000115648868711555	-0.613303693087478	0.023	0.193	1	CABIN1	c21
3.22506876079219e-11	-0.613012642417675	0.093	0.532	1.08162356099448e-06	ACTN4	c21
0.104730521621492	0.612887015434159	0.012	0.051	1	NEMP2	c21
0.30249538376655	0.612348477905673	0.012	0.031	1	C1orf159	c21
0.0144398956597135	-0.611734880232551	0.012	0.087	1	RPS6KA4	c21
0.00268766528074808	-0.61162745677079	0.023	0.139	1	DIP2A	c21
0.000971245698437007	-0.611614262793253	0.012	0.136	1	PLEKHA2	c21
0.00131613975577932	-0.611609793799475	0.012	0.13	1	SHOC2	c21
6.15994998504462e-05	-0.611510063517447	0.07	0.285	1	PBXIP1	c21
0.221144842105672	-0.610696641296044	0.012	0.037	1	TIAM1	c21
3.30012563690125e-09	-0.610315007360166	0.047	0.389	0.000110679613610394	LMO4	c21
3.25080776640319e-09	-0.609814005721995	0.058	0.411	0.00010902559086963	ROCK1	c21
0.158522850319901	0.609641448639923	0.012	0.043	1	MTERF1	c21
0.298061953411382	-0.609275059404557	0	0.012	1	PRR19	c21
0.00897180334398339	-0.609040329568338	0.012	0.096	1	HYLS1	c21
0.342181695002163	-0.608925136270105	0	0.01	1	RXRA	c21
0.151597029234546	0.60795091135651	0.012	0.044	1	ZNF738	c21
0.00376833402627011	-0.607880858473434	0.012	0.112	1	PHACTR2	c21
0.0199867463928177	0.607631132077959	0.012	0.081	1	URI1	c21
0.0136195046102694	-0.607093963904971	0.012	0.088	1	GOLGA5	c21
0.00018032520814811	-0.60692969219668	0.023	0.186	1	ETFB	c21
7.35376300469389e-05	-0.606709065733901	0.023	0.201	1	TPP2	c21
0.00092397332227916	-0.606627008002234	0.012	0.136	1	PPP4R1	c21
0.000606365657015436	-0.606420931649311	0.012	0.144	1	GRWD1	c21
0.0105047135457641	0.605489573249115	0.035	0.134	1	SYNE3	c21
0.345033431324977	-0.605325260290761	0	0.01	1	AC040970.1	c21
5.52371854240685e-05	-0.6047135305746	0.023	0.205	1	CTR9	c21
0.00188310789771127	0.604643071851113	0.093	0.267	1	BDP1	c21
0.00100594335753334	-0.604420430483183	0.012	0.135	1	MED25	c21
0.153433130611402	0.603587600044225	0.012	0.044	1	FAM172A	c21
0.347916723856428	-0.603575336079133	0	0.01	1	PLAT	c21
0.00220158605698313	-0.602411468359999	0.012	0.121	1	ETFDH	c21
0.00396651279763189	0.602120005476736	0.047	0.173	1	GAR1	c21
0.0754958047281115	-0.601864480862043	0.012	0.057	1	MFSD8	c21
0.0127092931013872	0.601253034629002	0.012	0.09	1	CPSF4	c21
0.0586924744984546	0.600854556451096	0.012	0.061	1	AC091057.6	c21
9.13353314602136e-05	-0.600025712355599	0.012	0.175	1	DPP9	c21
0.00399583367211788	0.599930576394988	0.047	0.173	1	ASH1L	c21
0.00015005405854235	-0.599788436682166	0.023	0.189	1	WDR5	c21
0.0265005415343921	0.599487980616293	0.012	0.076	1	AMPD2	c21
0.0357323516971663	0.59934176044332	0.023	0.09	1	IQSEC1	c21
0.0802187541675243	0.598448912836326	0.012	0.056	1	RASSF3	c21
0.0408422192757387	0.598191997804615	0.023	0.088	1	MFSD14C	c21
3.97602797527827e-05	-0.596744770836065	0.093	0.025	1	IGLV1-51	c21
0.122753594654162	0.595505741233016	0.012	0.048	1	REXO1	c21
0.284227700400528	-0.595370496109527	0	0.013	1	AC040169.1	c21
0.331079829382582	-0.593435906081719	0	0.011	1	AL450992.2	c21
0.0781411890965529	0.593387243820986	0.012	0.056	1	CUL4B	c21
0.333810547719748	-0.593226082313672	0	0.011	1	AC007541.1	c21
0.000770342103442511	-0.592568067189228	0.012	0.14	1	CUL5	c21
0.0504658863306453	-0.592375380500924	0.012	0.064	1	CSNK1G1	c21
0.0458437632653844	0.591383183617853	0.023	0.086	1	MGA	c21
1.8884420528863e-05	-0.591059451872402	0.023	0.222	0.633345695697008	IARS	c21
0.275445242749536	-0.590494526729189	0	0.014	1	AC245595.1	c21
0.000637382203302166	-0.59042935243873	0.012	0.143	1	EIF4G3	c21
0.0012720636688313	-0.590362963508447	0.012	0.131	1	PPP6R3	c21
0.00240903514014229	-0.58949900353041	0.012	0.12	1	TIMM21	c21
0.000113793360108788	-0.589243691995659	0.023	0.194	1	SNHG8	c21
0.123538943347358	0.588799736665131	0.023	0.066	1	TNK2	c21
5.71285063194977e-06	-0.58800871550961	0.023	0.241	0.191597584494332	CRELD2	c21
0.0222365259044828	0.586942330327144	0.023	0.1	1	ITGAM	c21
0.00990310569448742	0.586323370450235	0.023	0.115	1	GLE1	c21
0.00256175433955417	0.586236255749289	0.035	0.161	1	R3HDM1	c21
0.049166387326825	0.586145159393246	0.023	0.084	1	TTC37	c21
2.41041610142226e-06	-0.585305523924293	0.035	0.276	0.0808405352094997	DHX15	c21
0.249096454953219	-0.584214574834443	0	0.015	1	AK4	c21
0.279794055044241	-0.583132912356585	0	0.013	1	AC006329.1	c21
0.000868155707304904	-0.582902225200606	0.012	0.137	1	PRIM1	c21
0.130798030627548	0.582509695162064	0.023	0.065	1	WDR44	c21
0.282313031255198	0.581599652304932	0.012	0.033	1	AC245060.5	c21
9.69254022555047e-09	-0.58104217959071	0.081	0.44	0.000325068414084512	ILF3	c21
0.115702986917508	0.58066206042312	0.012	0.049	1	HSPA14.1	c21
0.0288488582020871	0.580648164420722	0.012	0.075	1	PPRC1	c21
0.0449232022069436	0.579946612543988	0.012	0.066	1	COL6A3	c21
0.00083203357433472	-0.579875790273369	0.012	0.138	1	RPS6KA3	c21
0.000302445844964847	-0.5796658205411	0.012	0.155	1	MVD	c21
0.0298029011535832	0.5792063098393	0.023	0.094	1	NCOA5	c21
0.125854576707723	-0.579188280963868	0.012	0.047	1	POLRMT	c21
0.0328461430053558	0.579178877971365	0.012	0.072	1	RCL1	c21
6.08287712751741e-08	-0.578024069344986	0.058	0.372	0.00204007533102679	SRSF1	c21
0.17056513113446	0.577961740461582	0.012	0.042	1	JRK	c21
2.16190862509291e-05	-0.576602094475717	0.023	0.22	0.725060914683659	UBN1	c21
5.79922607196497e-05	-0.576200312713189	0.023	0.205	1	FGD3	c21
0.00411139891957821	-0.57562161628406	0.012	0.11	1	PMS1	c21
0.347916723856428	-0.574233182623429	0	0.01	1	AL080276.2	c21
4.7150929806597e-07	-0.573811464752152	0.047	0.321	0.0158134788385365	CYTH1	c21
0.00272237504977801	-0.571300685238595	0.012	0.117	1	PRKD2	c21
0.641836858992374	-0.570971505346522	0.023	0.032	1	TRBV19	c21
0.0204517650759111	0.569960647151795	0.023	0.101	1	TRAK2	c21
0.109730329715692	0.568908026201143	0.012	0.05	1	TRMT13	c21
0.000550330616251471	-0.568160722443973	0.012	0.145	1	UNG	c21
4.49616314051836e-05	-0.567495581696583	0.047	0.251	1	TRAF1	c21
0.00241504279121154	-0.567419257748467	0.023	0.141	1	UTRN	c21
0.0216751400970428	-0.567151443713051	0.012	0.08	1	CLEC16A	c21
0.0173400474516173	-0.56532292685351	0.012	0.084	1	AGL	c21
7.49656955664233e-07	-0.564843478598911	0.035	0.293	0.0251419949790671	WNK1	c21
0.0535756691589453	0.564770769965832	0.012	0.063	1	LUCAT1	c21
0.0614256597691254	0.564263281448047	0.035	0.098	1	KIAA0319L	c21
0.063039054905993	0.563644460215752	0.012	0.06	1	ZNF880	c21
0.0183584884540031	0.563303856639564	0.012	0.083	1	TATDN1	c21
0.331079829460198	-0.562127212604993	0	0.011	1	IQCC	c21
0.00648774302797376	-0.562017250808289	0.012	0.102	1	GNB5	c21
0.363889335996365	0.561383879070371	0.012	0.028	1	FAM193B	c21
0.032444774090614	0.560586101545635	0.012	0.072	1	CRK	c21
0.00371682539309998	-0.559951664582716	0.012	0.112	1	ZBTB43	c21
0.353780192683078	-0.559231117776002	0	0.01	1	TP53INP2	c21
0.0159289346318233	-0.558587320362404	0.012	0.085	1	E2F1	c21
0.0672444247964177	0.557967456615127	0.012	0.059	1	ARFGAP1	c21
0.213760057003012	0.557868007440304	0.023	0.055	1	ATAD2B	c21
0.0741459993387111	0.556255614683761	0.023	0.076	1	CHMP3	c21
0.359776690295609	-0.554464689506537	0	0.01	1	XPNPEP2	c21
0.131972003290972	0.554246452862964	0.012	0.046	1	RHOB	c21
0.0542649016340131	0.551245311799626	0.012	0.063	1	MMAB	c21
0.046702348353968	0.550164825418685	0.012	0.066	1	FLYWCH1	c21
0.347916723856428	-0.548676022895743	0	0.01	1	AC004585.1	c21
0.118812667664938	0.548235625142537	0.012	0.048	1	FBXL6	c21
0.00103351000751994	-0.54772463847647	0.012	0.134	1	PBK	c21
0.058621814822166	0.54683210658728	0.023	0.081	1	WDR59	c21
0.0443637000900586	0.544580763153682	0.012	0.067	1	TARS2	c21
0.0230149622307656	0.544164873902208	0.023	0.099	1	EHBP1L1	c21
3.66970194495194e-05	-0.543077503647654	0.047	0.254	1	ITGAL	c21
0.000542157196341804	-0.541644994846944	0.012	0.146	1	RBM23	c21
0.305295221474652	-0.540987568598747	0	0.012	1	TTC26	c21
0.00226316060225633	-0.540955433135296	0.012	0.121	1	COMMD10	c21
0.293359111374593	-0.540505579910952	0	0.013	1	AL391069.3	c21
2.16370625383775e-05	-0.540339368339841	0.023	0.22	0.725663803412105	BFAR	c21
9.23323805023743e-07	-0.539882115946031	0.023	0.268	0.0309664337728863	PEF1	c21
0.00397726435242721	-0.539718359453655	0.012	0.111	1	GCDH	c21
0.00452259010261846	-0.539081461658819	0.023	0.129	1	PARP12	c21
8.2877686763644e-06	-0.538910930193458	0.023	0.235	0.277955185867909	CNOT9	c21
0.362826332098992	-0.538258704407098	0	0.01	1	SLC35D2	c21
0.00299627879225034	-0.537314916202469	0.012	0.116	1	TXNRD2	c21
0.00299311645923849	-0.537085526105755	0.012	0.116	1	NOA1	c21
0.0208294549562691	-0.536900365141539	0.012	0.08	1	LONP1	c21
0.00012743454721215	-0.535595567699304	0.012	0.17	1	PDXK	c21
9.89870180550043e-09	-0.535463033911177	0.047	0.375	0.000331982661152873	FBXW5	c21
0.000266419699722293	-0.535362777143352	0.035	0.2	1	TOPBP1	c21
0.000377422021040866	-0.534956282181976	0.012	0.152	1	EIF2B4	c21
5.97297272115525e-05	-0.534412176766178	0.023	0.204	1	UBE2G2	c21
0.0121016071232464	-0.533061366626489	0.012	0.09	1	TNFAIP3	c21
6.18342756819265e-05	-0.532763157614371	0.035	0.225	1	SUPT5H	c21
0.00654646883482053	0.532621554083428	0.012	0.102	1	PEMT	c21
0.0712798601217295	0.53168635631808	0.023	0.077	1	POLR2J3.1	c21
0.101329462141778	-0.53134053300306	0.012	0.051	1	SETDB2	c21
0.0360199948976339	0.530850617451325	0.023	0.09	1	NPTN	c21
0.133755033834993	0.530602446029405	0.012	0.046	1	ENO3	c21
0.105547179372015	0.530358833195013	0.012	0.05	1	TEDC2	c21
0.00718536317546618	0.529467963144457	0.081	0.219	1	UNC13D	c21
0.00658002790793266	-0.528532163411978	0.012	0.102	1	ZNF791	c21
0.353780192683078	-0.527531777861728	0	0.01	1	SYNGR3	c21
0.0179057256029525	0.526623392411478	0.035	0.123	1	RPS6KB1	c21
0.0394048926717063	0.526291090889577	0.012	0.069	1	TCAF2	c21
0.00320642118177339	-0.52525221604525	0.012	0.115	1	PUSL1	c21
0.00173449774824881	-0.524601988167501	0.012	0.125	1	VEZF1	c21
0.0213985681862393	-0.52459258212887	0.012	0.08	1	INTS8	c21
0.384951736060155	0.524479342961432	0.012	0.027	1	TTC39B	c21
0.0493391053786699	0.524433472737269	0.023	0.084	1	AKAP8L	c21
0.0437207385334114	0.523997683753349	0.035	0.105	1	TMEM259	c21
2.61264099586332e-05	-0.523840085496549	0.035	0.239	0.87622753719264	THOC2	c21
9.44407939075172e-05	-0.522380680620309	0.023	0.197	1	USP3	c21
0.591110276302888	0.522327758194487	0.012	0.02	1	SNHG22	c21
0.298061953343512	-0.522115548498078	0	0.012	1	PHKA1	c21
0.00274311987493279	-0.521570428509314	0.012	0.117	1	ABI2	c21
0.0123308918247613	-0.521502546722813	0.012	0.09	1	KDM7A	c21
0.000200813038171072	-0.521467712314831	0.023	0.184	1	PPP1R10	c21
0.000959981933517352	-0.521387426702717	0.023	0.157	1	LRBA	c21
0.26288543691283	-0.519907735383398	0	0.014	1	DLL3	c21
0.0151952009196513	0.519267341199951	0.023	0.107	1	ITFG2	c21
7.52691787126605e-05	-0.519101381728254	0.023	0.2	1	TM2D1	c21
6.31926133107346e-05	-0.519019162464223	0.023	0.203	1	ODF2L	c21
0.0118673847572667	-0.516994009006127	0.012	0.091	1	ING4	c21
0.00626577274516924	0.516081435707591	0.035	0.144	1	MCM3AP	c21
0.0560669357005977	-0.515744391110664	0.012	0.062	1	LTBP4	c21
0.00062389111727034	0.514911091250245	0.047	0.207	1	FAM111A	c21
0.0345346311237213	0.514713802032709	0.023	0.091	1	AGO2	c21
0.00851232530975378	-0.51434540156628	0.012	0.097	1	MIS12	c21
0.0443196195129876	0.513928171048787	0.012	0.067	1	CXorf40A	c21
0.328378131553408	-0.513469500572874	0	0.011	1	SMARCA5-AS1	c21
0.0157329354728842	-0.512525337669285	0.012	0.086	1	ZNF101	c21
0.169476241366279	0.511334557852783	0.012	0.042	1	PCNX3	c21
0.345033431324977	-0.510608263552037	0	0.01	1	CYP27B1	c21
0.0334826241585735	0.510481076882271	0.012	0.072	1	DDX10	c21
0.0265616785583059	0.509308428925879	0.023	0.096	1	TNRC6A	c21
0.0141647814687601	-0.509120890019074	0.012	0.088	1	SPG11	c21
0.356761515810664	-0.508919349322865	0	0.01	1	LRRIQ3	c21
0.00324586564577323	-0.508825617987825	0.012	0.114	1	MAPK14	c21
0.339360980452575	-0.506725739329353	0	0.011	1	GAD1	c21
0.0239347425339715	-0.505668410476394	0.012	0.078	1	BMI1	c21
0.000130106030148991	-0.504647951536189	0.023	0.191	1	FBXO5	c21
0.00130706673804961	-0.501873705880562	0.012	0.13	1	DYNC1LI2	c21
0.0276359550466437	-0.501260186718886	0.012	0.075	1	COX15	c21
0.302859794838178	-0.501219330605591	0	0.012	1	IRAK3	c21
4.03348931169465e-07	-0.500745585747642	0.058	0.345	0.0135275164535615	MIIP	c21
0.163054412336461	0.499207916449611	0.012	0.043	1	TSC22D2	c21
0.00867563263278603	-0.497344396265934	0.023	0.117	1	TENT2	c21
0.100790198006677	0.497007520145789	0.012	0.051	1	R3HCC1L	c21
0.00103406723624716	-0.49683494338942	0.012	0.134	1	CCP110	c21
0.0239105804585942	-0.496806906965553	0.012	0.078	1	KIAA0232	c21
0.0154296112929514	-0.496805065276128	0.012	0.086	1	PRMT7	c21
0.0135093291877126	-0.496702989188126	0.012	0.088	1	TYW5	c21
0.00458112563908042	-0.496642262857524	0.012	0.108	1	AKAP8	c21
0.0403047188642426	-0.496461158799719	0.012	0.068	1	DDI2	c21
0.0681857551854568	0.494098422142394	0.012	0.059	1	RHOC	c21
0.00220037684293237	-0.493817129804079	0.023	0.142	1	PBX4	c21
0.000429715206900054	-0.493483009958908	0.023	0.171	1	ARID4A	c21
5.21724095032538e-06	-0.492469433185704	0.047	0.286	0.174975826992013	PPP5C	c21
0.034823099181211	0.492375729691028	0.012	0.071	1	RABL3	c21
0.000112814493327866	0.491244679169372	0.105	0.343	1	STK10	c21
3.93004374080497e-06	-0.490332116157256	0.023	0.247	0.131805806979117	EMC10	c21
0.350832122535167	-0.48984823828923	0	0.01	1	RGS6	c21
0.0437458655765948	0.489069459240712	0.012	0.067	1	GPATCH2	c21
0.0255211466669175	0.488590518496608	0.023	0.097	1	DDX19A	c21
0.00128158746077526	-0.488576994007342	0.012	0.131	1	MTRF1L	c21
0.000114081298352195	-0.488042457166831	0.012	0.172	1	C19orf48	c21
5.84199223091798e-06	-0.487334329412061	0.035	0.263	0.195928735440527	PIK3CD	c21
0.231780256870154	0.486037416102919	0.012	0.036	1	DZIP3	c21
0.15343313054358	0.485780847708405	0.012	0.044	1	DGKD	c21
0.317852352732028	-0.485656926659511	0	0.011	1	AC005229.4	c21
0.0369368279570765	0.485646099800236	0.012	0.07	1	BAP1	c21
0.0242253817870271	-0.484981616369989	0.012	0.078	1	PLEKHM1	c21
2.05823845248104e-09	-0.484507629312027	0.035	0.372	6.90292012193091e-05	PNKD	c21
0.000470881590385163	-0.484092339845177	0.023	0.17	1	NUP37	c21
0.0294563245630267	-0.482482089186771	0.012	0.074	1	CCDC6	c21
1.75331333464121e-10	-0.482111148842523	0.07	0.47	5.88026226171968e-06	MTHFD2	c21
0.00283382295334354	0.481059161699079	0.035	0.159	1	SMPD4	c21
0.0205330689696498	0.481025176760658	0.012	0.081	1	DRAM1	c21
6.63223481754172e-06	-0.480954643792205	0.035	0.261	0.222431891310714	RELB	c21
0.239729155941542	0.48093423449685	0.012	0.036	1	ZER1	c21
0.0346492857338476	-0.480933972493475	0.012	0.071	1	AKAP10	c21
0.0172616798719374	-0.480772129442807	0.012	0.084	1	HARS2	c21
0.0642049341348891	0.479961719089136	0.012	0.06	1	HSBP1L1	c21
0.00842829790247761	-0.479594374305602	0.012	0.097	1	TXK	c21
0.0614319062371928	0.478409471314623	0.012	0.061	1	POLM	c21
0.00148051444236219	-0.476864441255352	0.012	0.128	1	JADE2	c21
0.0176139327367864	-0.47642509923891	0.012	0.084	1	IFIH1	c21
0.0699707356495086	0.476112415705916	0.012	0.058	1	TTYH2	c21
6.35815619869355e-05	-0.476032366402255	0.047	0.245	1	PRPF4B	c21
0.0357522178850233	0.475834572364419	0.012	0.071	1	RHOT1	c21
0.000219981764967646	-0.475801897162823	0.035	0.204	1	NOP14	c21
0.00157651774164858	-0.475668194324947	0.012	0.127	1	MAVS	c21
0.398045715981505	0.475638574742502	0.012	0.027	1	BBS9	c21
4.59586065024451e-05	-0.475610827071645	0.023	0.208	1	AIFM1	c21
0.000279048329232319	0.475453084697041	0.035	0.2	1	TERF1	c21
0.321265998045704	0.475233916482106	0.012	0.03	1	ZNF707	c21
0.000193296846360543	-0.475015222918759	0.023	0.185	1	YPEL3	c21
9.45583294513216e-06	-0.474970910358043	0.047	0.276	0.317129725313842	AKAP9	c21
0.0101081021452864	-0.474218791945384	0.023	0.114	1	ZBTB17	c21
0.006977789990831	0.473755289644855	0.035	0.142	1	UBA6	c21
0.00625412444151415	0.473514686176881	0.047	0.164	1	PDE4DIP	c21
0.0174542511389921	-0.472665406082311	0.012	0.084	1	ARNT	c21
0.0479591043048223	0.471596413013615	0.012	0.065	1	SIRPG	c21
2.71347455926348e-06	-0.470885955676791	0.023	0.252	0.0910045097685785	WDR33	c21
0.307755471666043	-0.470168469619924	0	0.012	1	LINC02321	c21
0.249766637850975	0.469851577417971	0.012	0.035	1	ZNF160	c21
0.336570766944669	-0.469623638514522	0	0.011	1	TMEM163	c21
0.000271437859363253	-0.46955262657326	0.012	0.157	1	TOMM34	c21
0.0151204758277244	-0.468712121019787	0.012	0.086	1	ABHD13	c21
0.00980938552381196	-0.468201666196424	0.012	0.094	1	CASP2	c21
0.00181942135144386	-0.466790851548851	0.012	0.125	1	NFIC	c21
0.00542335760519898	-0.46670890506103	0.012	0.105	1	AKAP11	c21
0.0335375601830284	-0.466665713550378	0.012	0.072	1	C16orf72	c21
0.0311992451032289	0.466296096041301	0.012	0.073	1	NFKBIE	c21
5.50079294355631e-06	-0.465640765460755	0.035	0.264	0.184485593740991	SECISBP2L	c21
0.052292277249143	-0.464474561467719	0.012	0.063	1	CALCOCO1	c21
0.0140754288684333	-0.464178333599038	0.012	0.088	1	MAP3K2	c21
0.000195430895003185	0.463739767916095	0.081	0.29	1	CHD4	c21
0.000991455062930773	0.463700777683204	0.035	0.178	1	SGTA	c21
0.0158781655185599	0.463580125129467	0.023	0.106	1	PXMP2	c21
0.0143021120510481	0.463409961819001	0.012	0.087	1	ORC1	c21
0.0122670880881102	-0.463401970505736	0.012	0.09	1	TMEM184B	c21
0.0566186248042029	0.461202437427508	0.023	0.081	1	FNDC3A	c21
0.00198321330746896	0.461080108649529	0.035	0.165	1	AHI1	c21
0.0238086553411794	0.459145905363274	0.035	0.118	1	PNPLA6	c21
0.022144206030052	-0.458222559242521	0.012	0.079	1	CEP192	c21
0.0093149933348134	0.457538407952329	0.012	0.095	1	GPR174	c21
0.00235398778728918	0.456550914470553	0.07	0.222	1	AAK1	c21
0.00193988654200586	-0.455979640597803	0.023	0.145	1	SIPA1L1	c21
0.157739429899059	0.455354435992489	0.012	0.043	1	MAN2A2	c21
0.000945044403366421	-0.455111498842257	0.012	0.136	1	OSBPL9	c21
0.0257843618461594	0.454229464787678	0.012	0.077	1	FAM216A	c21
7.63780710818124e-08	-0.452169898245057	0.035	0.325	0.00256156774794182	COX20	c21
0.00526093656515078	0.45211500841741	0.047	0.167	1	ANKH	c21
0.00709172891079293	0.452003371230949	0.012	0.1	1	AAMDC	c21
0.000216794578052023	-0.450692254093502	0.035	0.204	1	MBP	c21
2.21482230045109e-06	-0.449624270266536	0.035	0.277	0.0742807103125285	HELLS	c21
0.288748558130288	-0.449305731853801	0	0.013	1	MAST1	c21
0.00109233917723604	-0.449002721744892	0.012	0.133	1	C3orf38	c21
0.128324098505429	0.448941020781029	0.012	0.047	1	PAXBP1	c21
0.350832122535167	-0.44849490430262	0	0.01	1	AC125611.3	c21
8.892493588123e-05	-0.447799297790546	0.058	0.261	1	TCIRG1	c21
0.0202606557573513	0.447731226702023	0.012	0.081	1	DCLRE1B	c21
0.0013825048215088	-0.446325971022163	0.012	0.129	1	PAFAH1B2	c21
0.0806753117638828	0.44483111309281	0.012	0.055	1	CTDP1	c21
0.0141828902859384	-0.444080277052497	0.012	0.088	1	BUB1B	c21
0.0862271690755419	0.444019299730389	0.012	0.054	1	CLN3	c21
0.0106686548954797	-0.443849200116007	0.012	0.093	1	ABHD18	c21
0.00551148711229052	-0.442838235574772	0.023	0.125	1	TRRAP	c21
0.0353426745313672	-0.44242222837299	0.012	0.071	1	POGK	c21
7.8250547012598e-05	-0.442404551790597	0.023	0.2	1	CRBN	c21
0.0134503568232807	0.441904669590591	0.023	0.109	1	PSMA3-AS1	c21
0.149591816076922	-0.441389786573224	0.012	0.044	1	CLUAP1	c21
0.000322713888730865	-0.44111609085532	0.012	0.154	1	MCM10	c21
0.0296121078267152	0.440290030524248	0.012	0.074	1	MUT	c21
0.000674947287842743	-0.439171832394611	0.012	0.142	1	XAB2	c21
0.0351569020390273	-0.438961375424111	0.012	0.071	1	OPA3	c21
3.16828976839092e-05	-0.438915588246732	0.023	0.214	1	ELAC2	c21
0.00387243755730847	-0.437488020437785	0.012	0.111	1	NUS1	c21
0.161484241153979	0.437482132156837	0.023	0.061	1	CPD	c21
0.0201371618842283	0.437072853205106	0.023	0.101	1	TP53BP1	c21
0.0204143741905237	0.436088520012356	0.023	0.101	1	ACAD9	c21
0.0463415291545052	0.434365303746402	0.012	0.066	1	LDAH	c21
0.0114122425345571	-0.432925447521402	0.012	0.092	1	PPP1R35	c21
0.0115610258228759	-0.432584645528817	0.012	0.091	1	ZBTB44	c21
0.00813659046852087	-0.431945211265757	0.023	0.118	1	CDC14A	c21
0.0174433947512362	0.431475903429878	0.023	0.104	1	TBC1D14	c21
0.0176587682422248	0.431009929538668	0.012	0.084	1	SLC25A22	c21
0.00254398703066557	-0.430913914149354	0.012	0.119	1	IMPA1	c21
0.00116184192553225	-0.430269784838835	0.012	0.132	1	CTBP1	c21
0.0490182032443978	-0.429980393579735	0.012	0.065	1	ELK4	c21
0.00163172378847851	-0.42894151682802	0.012	0.126	1	TIA1	c21
0.0386467392853279	0.428495481662762	0.012	0.069	1	ZNF384	c21
0.236626487247475	0.428440170876976	0.012	0.036	1	SLC22A18	c21
0.0840592625558073	-0.425469899103159	0.012	0.055	1	PEX6	c21
0.0415981884124746	-0.425420381495032	0.012	0.068	1	KCTD13	c21
0.00408700954292102	-0.425307816634082	0.012	0.11	1	ARHGEF7	c21
0.0528290409813007	0.425196533050436	0.023	0.083	1	APC	c21
0.00503789712330182	-0.424776740769198	0.012	0.106	1	ACADS	c21
0.000734225978111967	-0.423761169247046	0.012	0.14	1	CENPT	c21
0.342014539945473	0.423635817206218	0.012	0.029	1	RIC3	c21
0.000638102851834852	0.422536395723303	0.047	0.207	1	LARS	c21
0.000985407627431396	-0.422279748929279	0.012	0.135	1	GPKOW	c21
0.249941781768453	0.42150736016039	0.012	0.035	1	FMNL3	c21
0.0144006274393944	0.421081269621402	0.035	0.127	1	ZFX	c21
0.030273574568368	-0.420244060732952	0.012	0.074	1	KBTBD2	c21
0.00157778258485649	-0.419023627234898	0.012	0.127	1	SEC23IP	c21
0.00157693925149251	-0.418765765564225	0.012	0.127	1	S100PBP	c21
0.0312760755156726	0.418344276970121	0.023	0.093	1	SIPA1	c21
0.0377331811959188	-0.41821145926926	0.012	0.069	1	RETREG3	c21
6.48909759095864e-05	-0.415950985308579	0.023	0.203	1	CERK	c21
3.53509793429698e-13	-0.415596508696305	0.105	0.601	1.18560114520452e-08	EVL	c21
0.000208117636699064	-0.414455676154057	0.023	0.184	1	AP1B1	c21
0.0140646406162751	-0.414403320229342	0.012	0.088	1	XPO5	c21
0.0708895048419571	0.414279660132791	0.012	0.058	1	USP20	c21
0.0135300809819441	-0.4137946323613	0.012	0.088	1	IDH1	c21
0.00616470976185689	-0.41353146316746	0.012	0.103	1	LENG8	c21
0.0455828043331229	-0.412926144817727	0.012	0.066	1	TRIM41	c21
0.000187833733569538	-0.411346905899779	0.023	0.185	1	SREK1IP1	c21
0.000124056971829023	-0.410209403791047	0.035	0.214	1	DDX54	c21
0.112802915998802	0.409948323353872	0.174	0.131	1	MTRNR2L8	c21
0.000718923066732355	-0.409665446024097	0.012	0.141	1	CPSF3	c21
0.000562955990250598	-0.409437799499029	0.023	0.166	1	CUTC	c21
0.00485552192145686	-0.407315961364005	0.023	0.128	1	MKLN1	c21
0.0819707709258839	-0.405292183812484	0.012	0.055	1	PCGF3	c21
0.0362947489556869	-0.405199255738905	0.012	0.07	1	WDR11	c21
0.002954335347558	-0.403210151287066	0.012	0.116	1	AKAP17A	c21
0.0144649798922816	0.402348315549076	0.047	0.147	1	SETD2	c21
0.312751953497349	-0.402053376890276	0	0.012	1	AC006207.1	c21
0.00254466089957441	-0.401859371002371	0.012	0.119	1	UBALD1	c21
0.205823124607177	0.401471423350378	0.012	0.038	1	YPEL2	c21
9.53637191538862e-05	-0.401063821173022	0.035	0.218	1	ARHGEF2	c21
0.00531129783360229	-0.401016134307147	0.012	0.105	1	SPRTN	c21
4.9332747577149e-05	-0.400949691571255	0.023	0.207	1	DFFA	c21
0.0462265900338969	-0.399159534576745	0.012	0.066	1	PPP2R2D	c21
0.189780830839649	0.399010365511879	0.012	0.04	1	HSD17B8	c21
0.345033431324977	-0.398678694786092	0	0.01	1	ERICH6-AS1	c21
0.00199166554026388	-0.398304539383756	0.012	0.123	1	NCBP1	c21
0.00880409888549099	-0.396921702873382	0.012	0.096	1	RAB3GAP2	c21
0.0994059998133554	0.396049504820816	0.012	0.052	1	TLK2	c21
0.0001168131200834	-0.395286755695315	0.023	0.193	1	CTNNB1	c21
0.00437621931636369	-0.395086086102193	0.012	0.109	1	KIF20A	c21
0.122664877042301	0.394279892797707	0.012	0.048	1	EZH1	c21
0.0590616189690979	0.39366616702204	0.012	0.061	1	DENND6B	c21
0.0198260161754027	-0.393583897896352	0.012	0.081	1	WDR36	c21
0.25486176019815	0.392929425190031	0.012	0.034	1	ZNF407	c21
0.00871723984074332	0.3919201918482	0.012	0.097	1	C6orf226	c21
0.123106293878402	0.391800340811129	0.023	0.066	1	NARS2	c21
0.000245434737549386	-0.390608247575865	0.012	0.159	1	DCAF12	c21
0.000117826423421926	-0.389920037390082	0.023	0.193	1	CENPA	c21
0.0159776515281158	0.389734631430593	0.023	0.106	1	KCNK6	c21
0.0104195312770462	0.388789419435446	0.012	0.093	1	C17orf75	c21
0.0579835995640753	0.388669579607607	0.023	0.081	1	PITPNM1	c21
0.00014720881040854	0.388263214991266	0.058	0.253	1	AKNA	c21
0.0051735040895444	-0.387774117950334	0.012	0.106	1	EXOC2	c21
0.325704985698696	-0.387453109346105	0	0.011	1	HIST1H2BO	c21
7.03269160918053e-07	-0.387333643427685	0.058	0.337	0.0235862411188697	ATRX	c21
0.0760527347195522	0.387030629301288	0.012	0.057	1	GINS3	c21
1.41094641609466e-05	-0.386725620595865	0.023	0.227	0.473203209029827	SRPRB	c21
0.0392577602954412	-0.386179173813672	0.012	0.069	1	PARG	c21
0.011262450795965	-0.385923834743461	0.012	0.092	1	DHCR7	c21
3.48541259240623e-07	-0.385639183684375	0.256	0.702	0.011689376752412	MYH9	c21
0.0674270415150613	-0.383886876724546	0.012	0.059	1	IRAK2	c21
0.0229444675281199	0.383553206644608	0.012	0.079	1	TRIP4	c21
0.0274629423731741	-0.382749753232036	0.012	0.075	1	COG5	c21
3.40763365467652e-05	-0.38206872547643	0.023	0.213	1	PPIL1	c21
0.00346668830498095	0.382025631173695	0.047	0.175	1	SPAG9	c21
0.397775187575353	0.380846758266506	0.012	0.027	1	RBM34	c21
0.0037722969187908	-0.38064150621747	0.012	0.112	1	ATXN2	c21
0.342181695164253	-0.380215867550741	0	0.01	1	TIPARP-AS1	c21
0.103567871735726	-0.379584620655338	0.012	0.051	1	ZNF526	c21
0.00803286296094432	-0.378553662093518	0.012	0.098	1	ACBD5	c21
0.00711879083493551	-0.378355746030889	0.012	0.1	1	SLK	c21
1.39313141147683e-08	-0.377470173906033	0.07	0.415	0.0004672284127811	RRP7A	c21
0.000739553588530933	-0.377421327315334	0.023	0.162	1	C19orf12	c21
0.0146573806105326	-0.376653334025404	0.012	0.087	1	BRCA2	c21
0.00148758303484888	0.376538313814332	0.023	0.15	1	USF2	c21
0.0119766547662719	0.374863043116545	0.012	0.091	1	TRIM47	c21
0.0770332663837625	0.37409666521734	0.012	0.056	1	ULK4	c21
0.0034087196858912	-0.373513808645704	0.012	0.113	1	ZSWIM7	c21
1.20977754367385e-06	-0.372834385514065	0.093	0.393	0.0405735192597336	ARGLU1	c21
0.362826332098992	-0.372562791227621	0	0.01	1	TLCD1	c21
0.184566924803895	0.372427217599179	0.012	0.04	1	SLC12A7	c21
0.00510459314476277	-0.372221193537201	0.012	0.106	1	ACSL4	c21
1.87576643185999e-06	-0.371815004305961	0.081	0.365	0.0629094545917205	ARHGEF1	c21
0.00219008314003885	-0.371544849669548	0.012	0.121	1	STAM	c21
0.356761515810664	-0.371525267859718	0	0.01	1	CCNA1	c21
0.320442535820421	-0.371497849638457	0	0.011	1	TXNDC5	c21
0.000803852477137155	-0.371409903160337	0.012	0.139	1	DNAJC21	c21
0.0180502587733502	-0.369848995841672	0.012	0.083	1	ANGEL2	c21
0.117267395847302	-0.369634341666422	0.012	0.048	1	DNASE1	c21
0.0514709202105934	0.369379224469998	0.012	0.064	1	GTPBP10	c21
7.90008058135031e-05	-0.369363576753524	0.023	0.2	1	GANAB	c21
0.022800593768486	0.368635630269733	0.012	0.079	1	C11orf21	c21
0.0130926563106476	0.368042064936301	0.023	0.11	1	TRIB2	c21
0.0850244885692132	0.366895087482454	0.012	0.054	1	CLCC1	c21
0.0389334125971083	0.366765324444013	0.012	0.069	1	KNTC1	c21
0.359776690295609	-0.365713473492634	0	0.01	1	MIR4458HG	c21
0.00221898257224217	-0.364286240908851	0.023	0.142	1	ZEB2	c21
0.0322176587373169	0.364167330215114	0.012	0.072	1	STRIP1	c21
0.307755471666043	-0.363444031407761	0	0.012	1	SOCS6	c21
0.211086764903293	-0.363118684050768	0.012	0.038	1	PCCA	c21
0.00671128116065497	-0.36239882945332	0.012	0.101	1	RBL1	c21
0.0249804950839907	0.362121649291741	0.012	0.077	1	SCYL2	c21
0.0321450728929732	-0.360563830901274	0.012	0.072	1	RAD18	c21
0.000205269008666261	-0.360070149865296	0.035	0.204	1	SLFN12L	c21
0.0652479570699344	-0.359452873025308	0.012	0.059	1	PIGG	c21
0.0134860051900217	0.359259522237859	0.012	0.089	1	FAM111B	c21
0.108168979218866	0.358777959382297	0.012	0.05	1	METTL16	c21
0.0269367631044701	-0.358670437188324	0.012	0.076	1	ING1	c21
0.0567830598444551	0.358598502228511	0.012	0.062	1	ZNF226	c21
0.0918073335908913	0.358191323457071	0.012	0.053	1	ZNF654	c21
0.0258103602770991	0.357181006490541	0.012	0.077	1	ECHDC2	c21
0.150453564225869	0.356954258690505	0.012	0.044	1	ST6GALNAC6	c21
0.0135197015628634	-0.354549052550039	0.012	0.088	1	RNPC3	c21
0.00112568266141566	0.353701869002514	0.047	0.196	1	CARD8	c21
0.018806890816751	0.353429471259976	0.023	0.103	1	DDX11	c21
0.00645829413920745	-0.352297740566508	0.023	0.123	1	CDK11B	c21
0.0137165235594552	-0.351665835705504	0.012	0.088	1	ITPRIPL1	c21
0.345033431243039	-0.350144149117974	0	0.01	1	Z94721.1	c21
0.0208080413821982	0.350056620036252	0.023	0.101	1	POLG	c21
3.49549156861798e-07	-0.349736381305174	0.081	0.388	0.011723179622831	PRPF38B	c21
0.00335622889747721	0.349287572878275	0.023	0.135	1	KIAA0100	c21
0.0499733186748549	-0.348918608372149	0.012	0.064	1	GGA3	c21
0.00108118566164695	-0.348187102512053	0.023	0.155	1	TBC1D20	c21
0.0216155907857537	0.348133428677598	0.012	0.08	1	TMCO3	c21
0.00445607350789867	-0.344819483460857	0.012	0.109	1	ACTR6	c21
0.0204470879786065	0.343325835338026	0.023	0.101	1	FADS1	c21
0.285992553859331	0.342988558790875	0.012	0.032	1	SS18L1	c21
2.98167661037851e-05	-0.342559944439419	0.035	0.237	0.999994701588745	INPP5D	c21
0.00527720468164589	-0.33955780326303	0.012	0.106	1	GOLGA3	c21
0.0719720832596929	-0.339177526278019	0.012	0.057	1	SNX13	c21
0.00727872403282735	0.338662122072795	0.047	0.16	1	PLK3	c21
8.33193566660897e-05	-0.336741369730058	0.047	0.241	1	BRD4	c21
0.077518829947331	0.336506330872647	0.012	0.056	1	CSKMT	c21
0.0271884740037525	0.336497226784186	0.012	0.076	1	MSL1	c21
0.0132433385938645	-0.335593664131947	0.023	0.109	1	PHRF1	c21
0.0361129981963053	-0.335223552900941	0.012	0.07	1	MOGS	c21
0.00138616835535755	0.334806375186433	0.047	0.192	1	RIOK3	c21
0.197538872783991	0.334665169234234	0.012	0.039	1	DHX58	c21
0.0236953769113605	0.333302704656716	0.012	0.078	1	ZFYVE19	c21
0.0337228120235418	0.332602577932979	0.012	0.072	1	NOP2	c21
1.34531409842336e-06	-0.332299669882199	0.035	0.285	0.0451191442329225	RFC4	c21
0.00166842115347695	-0.330559194892751	0.023	0.147	1	LSG1	c21
0.00883141607348112	0.330063097458717	0.012	0.096	1	TTC32	c21
0.0714864753413947	-0.328701243554379	0.012	0.058	1	DDX60	c21
0.00853414108267535	0.328220422526589	0.023	0.118	1	NKIRAS2	c21
0.0230484436580032	-0.327077716131572	0.012	0.079	1	FCHO1	c21
0.0364583675315316	0.326681067842532	0.012	0.07	1	ZNF652	c21
0.131813487047864	0.325650224322015	0.012	0.046	1	BBS4	c21
0.00728130695525972	-0.325364919121576	0.012	0.1	1	ARFGEF1	c21
0.011415172753509	-0.324754016500374	0.012	0.092	1	SUGP1	c21
5.8677966134203e-06	-0.324715524289139	0.035	0.263	0.19679416282089	SRPK2	c21
0.103668433397593	-0.324258438364036	0.012	0.051	1	POLR3F	c21
0.0311914224642685	0.324044995650278	0.012	0.073	1	FBXO42	c21
0.0291986596079408	0.323629546837285	0.012	0.074	1	N4BP2L1	c21
0.298061953411382	-0.323595439294958	0	0.012	1	PACSIN3	c21
0.018122006222171	0.323250550719772	0.023	0.104	1	ERC1	c21
0.0334114385542746	-0.322991824870957	0.012	0.072	1	TFB2M	c21
0.0377614594000975	-0.319822235353309	0.012	0.069	1	ATR	c21
0.000391349316370271	-0.319193130353875	0.012	0.151	1	FN3KRP	c21
0.0338635811092766	0.318279601064426	0.023	0.091	1	HIST1H3H	c21
0.162937851077753	0.317778821447158	0.012	0.043	1	BRD1	c21
1.61211275017037e-05	-0.31512873662233	0.023	0.225	0.540670374152139	UNC45A	c21
0.0219170893866945	0.314491456697678	0.012	0.08	1	AP5Z1	c21
0.0551448559615712	-0.313748044361497	0.012	0.062	1	CHTF18	c21
0.0987331120875947	0.313693383321587	0.012	0.052	1	ATL2	c21
4.71453058202876e-05	-0.313263569658391	0.023	0.208	1	LIG1	c21
0.0125202934080262	-0.312555821937504	0.012	0.09	1	CRYZL1	c21
0.00525152613681026	-0.310105854380576	0.023	0.127	1	ZMYND8	c21
0.0741293410717128	0.308493174142721	0.012	0.057	1	C1RL-AS1	c21
0.194824508346406	0.308196424988825	0.012	0.039	1	DNAJC16	c21
0.00999130854267381	-0.308153551812261	0.023	0.114	1	CD300A	c21
0.0178285107857579	-0.308109868754825	0.012	0.083	1	GFOD2	c21
0.0425358657785537	0.307288103415627	0.023	0.087	1	HSD17B7	c21
0.00117702172966926	0.30687410575009	0.07	0.235	1	PLEC	c21
0.115028886175337	0.305896016436873	0.012	0.049	1	TSPAN15	c21
0.0157932029821642	0.30566503216076	0.012	0.086	1	CEACAM21	c21
4.87100450804083e-08	-0.302207514812062	0.093	0.439	0.00163363749190673	AC004687.1	c21
0.0143167479901356	0.302161415753361	0.023	0.108	1	RAPGEF6	c21
0.00170273565334986	-0.300677371168833	0.012	0.126	1	DDAH2	c21
1.57967861134736e-05	-0.300419726303168	0.023	0.225	0.529792612673676	BAZ2A	c21
0.347916723856428	-0.300235427726004	0	0.01	1	LINC01816	c21
0.161706629411331	0.2999547176998	0.012	0.043	1	UBE2O	c21
0.0039291479998459	-0.299155500340435	0.012	0.111	1	ATP13A1	c21
0.000978829663329121	-0.297914222866936	0.012	0.135	1	TMED8	c21
0.0194803213642054	0.297447497930206	0.058	0.159	1	ZFC3H1	c21
0.00419971598050632	-0.296283959114883	0.012	0.11	1	KAT5	c21
0.130979369465001	0.295037365517551	0.012	0.047	1	MTA1	c21
0.000255814466923184	-0.294577761498752	0.023	0.18	1	ARFRP1	c21
0.120479389310304	-0.293114479468183	0.012	0.048	1	ABCD3	c21
2.01327227444628e-06	-0.291404114262315	0.047	0.301	0.0675211255403795	FARSA	c21
0.319135613016886	0.289509874458516	0.012	0.03	1	CEP131	c21
0.000104618306591832	0.288651182885806	0.035	0.216	1	SMARCA4	c21
0.0156338370248039	-0.288437372867816	0.012	0.086	1	CDC16	c21
0.00163303205119884	-0.28839825184619	0.012	0.126	1	UBE2R2	c21
0.00122192309294449	-0.286089854048224	0.012	0.132	1	MPP1	c21
0.00312480802241695	-0.285608672955858	0.012	0.115	1	NGLY1	c21
0.19867581550544	0.285541908888665	0.012	0.039	1	SH3TC1	c21
3.58632643205896e-08	-0.28533007695414	0.105	0.465	0.00120278215878393	ZAP70	c21
0.00382355279110864	-0.284978722792501	0.012	0.111	1	LETM1	c21
0.163358625617845	-0.282614073980727	0.012	0.042	1	RAB11FIP5	c21
0.0163823528743842	-0.281277985276686	0.012	0.085	1	JOSD1	c21
0.00842612042487269	0.281093369079348	0.012	0.097	1	TIMM44	c21
0.0392381779120686	-0.280677076862673	0.012	0.069	1	ORAOV1	c21
0.0140152579196426	-0.280303188977626	0.012	0.088	1	N4BP1	c21
0.0633888753107343	0.280075653169426	0.012	0.06	1	CENPQ	c21
0.163319657405608	-0.279967832229945	0.012	0.042	1	LARS2	c21
3.94371076246215e-09	-0.279560156684401	0.058	0.409	0.000132264171551456	GNA15	c21
0.104147161484122	0.279543397683393	0.012	0.051	1	SPAST	c21
0.0620236981879124	-0.277923409845002	0.012	0.06	1	NAXD	c21
0.00167858681429726	-0.277741634640456	0.012	0.126	1	RING1	c21
0.0129598556789045	0.277357047952549	0.012	0.089	1	ACSF3	c21
0.000159683195278003	-0.276833015778371	0.023	0.188	1	MYO5A	c21
0.045444587223523	-0.275939394978795	0.012	0.066	1	TRG-AS1	c21
0.0308876546411289	-0.275421020316674	0.012	0.073	1	CSNK1G3	c21
0.0255583555411048	-0.273956787433634	0.012	0.077	1	SPART	c21
0.0206019452689903	0.273573929012004	0.035	0.12	1	RAPGEF1	c21
2.69487191454255e-05	-0.272098087391447	0.047	0.26	0.903806142699282	GOLGB1	c21
0.000750252886182592	-0.27176427189189	0.012	0.14	1	CCDC71	c21
0.0056820577639599	-0.271732075635484	0.012	0.104	1	SFMBT1	c21
0.0736471946744734	0.271212212341478	0.012	0.057	1	ZNF84	c21
6.14851411945369e-05	-0.269973824526012	0.023	0.204	1	CXorf38	c21
0.044542835318511	-0.269312865600333	0.012	0.066	1	EOGT	c21
0.0420791679444465	0.268888158832492	0.012	0.068	1	HELQ	c21
0.0267950658314547	-0.268078820802395	0.012	0.076	1	RPP21	c21
1.37457203263048e-05	-0.267636715643702	0.012	0.205	0.461003968303611	PITPNB	c21
0.000238431758644969	-0.267241362318463	0.035	0.202	1	PML	c21
0.0593891516569676	0.266703359201351	0.012	0.061	1	AGMAT	c21
0.00109277534331566	-0.266195546961697	0.023	0.155	1	SUPT20H	c21
0.113363669715215	0.265773109484984	0.012	0.049	1	FOCAD	c21
0.0811841012487445	0.264047337635808	0.012	0.055	1	SDHAF2	c21
0.000223413136016018	-0.263151088383248	0.012	0.161	1	CHAC2	c21
0.0215773363865778	-0.262699476813618	0.012	0.08	1	HIST2H2AC	c21
0.0118582550823003	-0.262570975842115	0.012	0.091	1	RPAP2	c21
0.0110328746819843	-0.262262320190088	0.012	0.092	1	PITPNC1	c21
2.08203349022748e-07	-0.261804095680411	0.047	0.333	0.00698272391952492	CALCOCO2	c21
0.00681021626112576	-0.261607187306112	0.012	0.101	1	LMBR1	c21
0.0278380480979101	-0.261451504611874	0.012	0.075	1	VPS41	c21
0.0358872756394645	-0.261063415960824	0.012	0.07	1	PARP6	c21
0.00683076034972074	0.25863431804439	0.023	0.122	1	PRDM2	c21
0.506730059383633	0.258593276109857	0.012	0.022	1	ZNF831	c21
0.0217685778322537	0.258359484569397	0.012	0.08	1	CDKAL1	c21
0.00110833900554967	0.257721650076681	0.023	0.155	1	MSL3	c21
0.328378131553408	-0.257632460878	0	0.011	1	MGARP	c21
0.00283227492399572	0.257028786918699	0.035	0.159	1	TAF3	c21
0.0988050631000525	0.254285580774442	0.012	0.052	1	TNRC6C	c21
0.000479322394878887	-0.253752812869942	0.047	0.211	1	NFATC2IP	c21
0.0190807348066946	0.252435869973892	0.012	0.082	1	MFN2	c21
7.54482283080479e-06	-0.25241230551931	0.058	0.301	0.253038268099531	STAT3	c21
0.00144487031685944	-0.252222540535304	0.023	0.15	1	ADIPOR2	c21
0.000112487084088588	-0.251554219725217	0.023	0.194	1	NUTM2B-AS1	c21
0.00351313830676937	-0.250884810203078	0.023	0.134	1	TXNDC11	c21
0.161706629429	0.250682016402149	0.012	0.043	1	HEATR3	c21
0.0162667847415831	-0.250480581168027	0.012	0.085	1	PECR	c21
0.0166032336299353	-0.249847395639947	0.012	0.085	1	STK32C	c21
0.0303801434259191	0.248743068456789	0.012	0.074	1	NAA35	c21
0.000745570191393753	-0.248011252980626	0.035	0.183	1	TUBGCP2	c21
0.00556766493190252	-0.247415589745303	0.012	0.105	1	RFC3	c21
0.128737399734806	-0.246384643320919	0.012	0.047	1	ACAP3	c21
0.106138593829484	0.246177178784052	0.012	0.05	1	KLHL11	c21
0.00428821980390093	-0.245824468177302	0.023	0.13	1	PHC3	c21
0.00314191022654639	-0.244495897791735	0.012	0.115	1	DHDDS	c21
0.00901997013431755	-0.244475176501525	0.023	0.116	1	CREBBP	c21
0.0493386052140081	-0.2442317454962	0.012	0.065	1	DOT1L	c21
0.055308628902738	0.24359449575186	0.012	0.062	1	ZMIZ1	c21
0.00484162182574047	-0.24352202184016	0.012	0.107	1	STAT5A	c21
0.0509723149911334	-0.242896986739898	0.012	0.064	1	SCAI	c21
0.0198462871742777	-0.242719846223058	0.023	0.101	1	MDM4	c21
0.241966685780414	-0.242714530237647	0.012	0.035	1	BCAS3	c21
0.310240920928682	-0.241180660807007	0	0.012	1	AC008750.8	c21
0.0035767316109806	-0.239962016830731	0.012	0.113	1	CNOT3	c21
0.00164086551939878	-0.238865923702594	0.035	0.168	1	LONP2	c21
0.00524743281694697	-0.235677047196375	0.012	0.106	1	ULK3	c21
0.272606505630628	0.234340845499454	0.012	0.033	1	SLC39A3	c21
6.17172524303053e-06	-0.233268664574749	0.058	0.304	0.206987321200758	AKAP13	c21
0.00398483342340567	-0.232885665328259	0.023	0.132	1	MORC3	c21
0.0236236850374279	-0.231797656754037	0.012	0.078	1	EDRF1	c21
0.00310083614130958	-0.231779529066036	0.035	0.157	1	TTF2	c21
0.0588434936536873	-0.231679725796462	0.012	0.061	1	POLR3A	c21
0.0249490206729083	-0.230970925937961	0.012	0.077	1	GTPBP6	c21
0.0023284242614886	0.230394803056379	0.023	0.142	1	JMJD4	c21
0.0299711051176945	0.230302335686245	0.012	0.074	1	SORD	c21
5.55610441460694e-05	-0.229782624670317	0.023	0.205	1	PTGES2	c21
0.0155829581229635	0.228743347927404	0.012	0.086	1	IMMP1L	c21
0.00819460407401701	-0.228284740902902	0.012	0.098	1	FOXJ3	c21
0.0924324186715866	0.227149386815829	0.012	0.053	1	FAM76A	c21
0.0571119456298162	0.226556241024654	0.012	0.062	1	ZW10	c21
0.0765695222158718	0.225980699222525	0.012	0.056	1	DUS1L	c21
0.0327121888918815	0.224581771021064	0.023	0.092	1	BRD3	c21
4.77865093418266e-08	-0.223228988744276	0.07	0.396	0.00160266395030618	SRRM2	c21
0.00139586851162107	0.222712973731224	0.023	0.151	1	EIF2AK4	c21
0.0593159663031077	0.222383439206415	0.012	0.061	1	BRAF	c21
0.231019752994013	-0.22208103160783	0.012	0.036	1	MFGE8	c21
0.171090253708157	-0.222047713466304	0.012	0.042	1	TEP1	c21
0.0141937653707852	-0.221929246394991	0.012	0.088	1	UTP14A	c21
0.0175200910175953	0.221898565311512	0.023	0.104	1	CHD9	c21
0.00694416760280413	-0.221041468454885	0.012	0.101	1	ARHGAP27	c21
0.0488934748334009	0.220310999047288	0.012	0.065	1	ITGA2	c21
0.0481290941155313	-0.219723100733426	0.012	0.065	1	TRAPPC13	c21
0.339360980532741	-0.21873738251345	0	0.011	1	AL139393.2	c21
0.0118644693221369	-0.218676748678473	0.023	0.111	1	HPS3	c21
0.00480545561197874	-0.218366054183696	0.012	0.107	1	MACO1	c21
0.0636779360946446	-0.217481050274511	0.012	0.06	1	RETSAT	c21
0.000821381335171426	0.217249202972708	0.023	0.16	1	PRKCB	c21
0.000292060769907453	-0.216866425288602	0.023	0.178	1	BBIP1	c21
0.00379784027652204	-0.216857599003068	0.012	0.111	1	UBXN2A	c21
5.6194289527673e-07	-0.216482450642031	0.093	0.4	0.018846440821791	MACF1	c21
0.356761515724991	-0.214818416068999	0	0.01	1	AC063977.3	c21
0.000750252888137219	-0.214760215119943	0.012	0.14	1	RFC5	c21
0.00163963312480598	0.214547488911716	0.058	0.209	1	TGFBR2	c21
0.0198059165102772	-0.214187718518269	0.012	0.081	1	TELO2	c21
0.176706689410631	-0.213128393005385	0.012	0.041	1	KRBOX4	c21
0.0266406914388223	0.213122115651654	0.012	0.076	1	HAUS5	c21
0.0299410226209768	-0.212959947401217	0.012	0.074	1	USP28	c21
0.0226182361606794	0.2122069714707	0.023	0.099	1	MUM1	c21
0.000476589438714881	-0.212062376066374	0.035	0.19	1	CENPE	c21
0.0103375188238958	-0.211404196389249	0.012	0.093	1	EMC2	c21
0.051098721176306	-0.211275372265566	0.012	0.064	1	PASK	c21
0.0722373525092474	0.209433004903846	0.012	0.057	1	OSBP	c21
0.0233476425241933	0.208951065704647	0.023	0.099	1	NEK9	c21
0.00624274061697235	-0.207898532958736	0.012	0.103	1	CTSD	c21
0.00538715450049492	-0.207043014557177	0.012	0.105	1	UBE3C	c21
0.000485942208040578	0.206713967040811	0.035	0.19	1	CCDC88C	c21
0.147357275993906	0.206480721458381	0.012	0.044	1	CNTROB	c21
0.146899183267046	-0.205763632869599	0.012	0.044	1	MEN1	c21
0.00383969447955404	0.205611927827858	0.023	0.133	1	STX17	c21
0.00550365013013202	0.205539981113475	0.012	0.105	1	CCNB1IP1	c21
0.353780192598363	-0.205503849718534	0	0.01	1	SECTM1	c21
0.0487240458181973	-0.204939567346126	0.012	0.065	1	FAM208B	c21
0.0497350160671072	-0.204603725296685	0.012	0.064	1	FAM222B	c21
0.000831527542125366	0.204487439265278	0.023	0.16	1	WBP4	c21
0.000857029398004398	-0.204375418987283	0.012	0.138	1	ASB1	c21
0.000604665625904774	-0.204172645860809	0.023	0.165	1	POLA2	c21
0.060457299707624	-0.203982986128068	0.012	0.061	1	ZNF33B	c21
0.339360980532741	0.202810795303765	0	0.011	1	CENPS	c21
0.010485989117392	-0.201347286815106	0.012	0.093	1	ZNF672	c21
0.0140080965687458	-0.197776961786481	0.012	0.088	1	RBM15	c21
0.0267670191117274	-0.197336050153603	0.023	0.096	1	RAB3IP	c21
0.061905077776591	-0.197075129525765	0.023	0.079	1	ANKRD36	c21
0.0481768725364234	0.196308800174815	0.012	0.065	1	RASA1	c21
1.55731186419056e-06	-0.194606285861617	0.058	0.326	0.0522291253012229	YY1	c21
0.11593221761448	-0.19435333471096	0.012	0.049	1	WDR73	c21
0.113226740773694	0.19302201704893	0.012	0.049	1	TMEM120B	c21
0.0517816916874497	-0.192208127825578	0.012	0.064	1	DNAJC14	c21
0.0243295381697131	0.192163389024099	0.012	0.078	1	TRIM33	c21
0.0245628746003028	-0.191869534402716	0.012	0.077	1	BIRC2	c21
0.000508663223009522	0.191438434321109	0.035	0.19	1	PRR14	c21
0.0133529648968819	-0.191426393685897	0.012	0.089	1	PPFIA1	c21
0.00224394952129994	-0.190605768403043	0.023	0.142	1	BSDC1	c21
0.00431546206441746	-0.188500531759979	0.012	0.109	1	MRPL1	c21
0.990779571802665	-0.188434304902136	0.012	0.011	1	FAAH2	c21
0.00532100729952739	0.187178803518868	0.012	0.105	1	WDR13	c21
0.0252009752729231	-0.186918683624683	0.012	0.077	1	SCARB2	c21
0.102045289587627	0.183021959779067	0.012	0.051	1	SPATA20	c21
0.1068110213563	0.181678332656125	0.012	0.05	1	HS2ST1	c21
2.57077175244332e-08	-0.181368105099555	0.221	0.686	0.000862185430334439	PRRC2C	c21
0.00560651699442241	-0.181362072036373	0.012	0.104	1	SLC25A33	c21
0.0330528159267324	0.181127380563086	0.012	0.072	1	RBM14	c21
0.000340534872261166	-0.180605294420521	0.035	0.197	1	SAMSN1	c21
0.353780192683078	-0.180582289224081	0	0.01	1	ENKD1	c21
0.0038225485181193	-0.180581928174938	0.012	0.111	1	EPS15L1	c21
0.00736553415101436	-0.18038110744698	0.012	0.1	1	ING5	c21
0.000334996039099592	-0.179703800763262	0.035	0.196	1	CDK12	c21
0.00864393823477635	-0.179436459575243	0.012	0.097	1	MKRN2	c21
0.0412337804631571	0.177362712891091	0.012	0.068	1	FAM126B	c21
0.000577754676862476	0.177341801609818	0.035	0.187	1	UPF2	c21
0.000149928233085788	-0.176883254396494	0.035	0.211	1	ANKLE2	c21
0.0103164621437311	0.175731259156043	0.058	0.172	1	SPEN	c21
0.0744503255061539	-0.173562021108031	0.012	0.057	1	COLGALT1	c21
5.57924436365465e-05	-0.172333385214945	0.035	0.227	1	NFKBIB	c21
0.00032972900762338	-0.171992745653072	0.012	0.154	1	BMS1	c21
0.000142497574258177	-0.171850639217124	0.023	0.19	1	MRPL24	c21
7.44006415459186e-07	-0.17112112070963	0.081	0.379	0.0249524871616702	MPHOSPH8	c21
0.0967890250583981	0.169549368343177	0.012	0.052	1	CC2D1B	c21
8.64482494562481e-05	-0.169488510507279	0.047	0.241	1	ZC3H13	c21
1.53945761142234e-05	-0.169478596551032	0.023	0.226	0.516303293718823	TMEM138	c21
0.347916723856428	-0.168937602765293	0	0.01	1	ST5	c21
6.40561160838135e-05	-0.168929353974987	0.023	0.203	1	ME2	c21
0.225038844180763	-0.168694817082735	0.012	0.037	1	PKD2	c21
0.00406597919040508	-0.168452210134769	0.023	0.131	1	PSD4	c21
0.0185513771406537	-0.168406510512936	0.012	0.083	1	ANKRD27	c21
0.0195118557667752	0.167973988092957	0.035	0.121	1	HERC1	c21
0.00549775312059257	-0.167870624746396	0.023	0.126	1	MED1	c21
0.00348224447733804	-0.167820633631489	0.012	0.113	1	PACSIN2	c21
0.376365716247009	0.167043907994509	0.012	0.028	1	PECAM1	c21
0.00875943349935829	-0.167003430400946	0.012	0.096	1	PRR14L	c21
0.0235171298544932	-0.166849806986212	0.012	0.078	1	UBXN7	c21
0.103794244586584	-0.164095182527213	0.012	0.051	1	BCL9L	c21
0.0103428393144453	-0.164063269563858	0.012	0.093	1	MGAT5	c21
0.0236834151783463	0.163268206888056	0.012	0.078	1	TMEM102	c21
0.000120288097636532	0.162606863279804	0.047	0.235	1	PABPN1	c21
4.20942435479139e-05	-0.161803263522404	0.035	0.232	1	TBRG4	c21
0.00534839677071638	-0.161444923462537	0.012	0.105	1	PPP3CB	c21
0.0198411026251807	0.161085015994882	0.012	0.081	1	SLC30A6	c21
0.0377897555902424	-0.161021191249176	0.012	0.069	1	CEP95	c21
0.000159852615838621	-0.160148380835089	0.023	0.188	1	MLST8	c21
0.000137670222813399	0.158916003639626	0.023	0.191	1	CDKN2AIPNL	c21
0.00615815088430017	-0.155729223359618	0.023	0.124	1	CASC4	c21
0.00158970009898631	-0.155465010019757	0.035	0.169	1	CWC25	c21
0.00496815885556187	-0.155457092678914	0.012	0.107	1	VAPB	c21
0.000632440956099191	0.155040873086646	0.035	0.186	1	UBAP2L	c21
0.00852086673081405	-0.155039478189683	0.035	0.137	1	CEP250	c21
0.024164866629923	0.154862691812821	0.012	0.078	1	ESPL1	c21
0.00452790674758764	-0.154592237699486	0.023	0.129	1	TRMT1	c21
0.198534949212348	0.154329042387873	0.012	0.039	1	ACADSB	c21
0.0440318097763331	0.154180441634522	0.012	0.067	1	LINC00623	c21
0.129109796483811	0.154107607053979	0.012	0.047	1	EPG5	c21
0.11746588648333	-0.152469455848998	0.012	0.048	1	SLC11A2	c21
0.0339519594120824	0.152163926753185	0.012	0.072	1	ARHGEF9	c21
0.328378131323026	-0.152154682831839	0	0.011	1	AC091729.3	c21
0.112594631359934	0.151234774751293	0.012	0.049	1	PIP5K1C	c21
0.0629305201436784	0.150795782829422	0.012	0.06	1	TSPAN32	c21
0.0227545456204822	-0.150767230685198	0.012	0.079	1	RRAGC	c21
0.0210822286837964	0.149542955961462	0.023	0.1	1	MBTPS1	c21
0.0171924022797643	0.14882673821828	0.012	0.084	1	MCOLN1	c21
0.0754100553466888	-0.148745289635065	0.012	0.057	1	ENTPD6	c21
0.0698506313053252	0.148524228176853	0.012	0.058	1	CDADC1	c21
0.0030719461724063	0.148431857342853	0.035	0.157	1	NUP153	c21
0.00171364574006467	0.147867062467628	0.023	0.147	1	CPSF2	c21
0.028239520912096	0.147191925647576	0.012	0.075	1	RUNX2	c21
3.36290523083484e-05	-0.145111205642204	0.023	0.214	1	UROS	c21
0.000610707646723407	-0.144625666366359	0.035	0.186	1	RORC	c21
0.157513660630869	0.142306577005347	0.012	0.043	1	SLC23A2	c21
0.103191164118037	-0.141573899867026	0.012	0.051	1	MIAT	c21
0.000157845424834572	0.141439852818181	0.035	0.21	1	RABL6	c21
0.0209087440607077	0.140992336772881	0.012	0.08	1	ZFYVE27	c21
0.106061480734179	0.138015771954678	0.012	0.05	1	AGPAT4	c21
0.00706227709607826	-0.136145830523702	0.023	0.121	1	STX16	c21
0.0203267598343066	-0.135841086219969	0.012	0.081	1	KLHL6	c21
3.4438847230844e-05	-0.135701030568773	0.023	0.213	1	TPGS1	c21
2.56908314870416e-05	-0.134597492808419	0.035	0.239	0.8616191064124	THUMPD3-AS1	c21
0.121062122194472	0.134504789551324	0.012	0.048	1	TENT4B	c21
0.0227718041966262	0.133149941118278	0.012	0.079	1	TMEM209	c21
0.00507444987692305	0.133024564673609	0.012	0.106	1	FAM50B	c21
0.00650293244685229	-0.132505604947005	0.012	0.102	1	PNPLA8	c21
0.0151668400771371	0.132498811272226	0.012	0.086	1	SLC19A1	c21
0.0780913448499294	0.132201259779853	0.012	0.002	1	HBD	c21
0.000519293775562692	0.131980726985377	0.035	0.189	1	GTF3C5	c21
0.0237073438856232	0.130775742200405	0.012	0.078	1	CNOT6L	c21
0.0434455654292055	0.12875737614066	0.012	0.067	1	PGM2L1	c21
0.000162427372609065	0.128684766600569	0.047	0.23	1	TRIP12	c21
0.0269367630932202	-0.126215738744186	0.012	0.076	1	SHLD2	c21
0.0082567288572997	-0.125516704176544	0.023	0.118	1	VARS	c21
0.0042288485033623	0.123216973440204	0.023	0.131	1	ECPAS	c21
0.0195926575483811	-0.122212246249229	0.012	0.082	1	TOX2	c21
0.00630925447857849	0.12216907030113	0.047	0.163	1	TCOF1	c21
0.0261235702472281	0.121141595825438	0.012	0.076	1	TLE3	c21
0.0637406632929357	0.120731656941556	0.012	0.06	1	DGKH	c21
0.000663495348392561	-0.118620773994286	0.023	0.164	1	LUZP1	c21
0.00643943624056712	0.11823621760242	0.023	0.123	1	MTREX	c21
0.000481140939144266	-0.118025970702503	0.023	0.169	1	TRMT6	c21
0.00207345111070287	-0.115664369774594	0.035	0.164	1	PIEZO1	c21
0.00308354577917682	-0.115352443764746	0.012	0.115	1	TP53TG1	c21
0.0269263990769916	0.11531691965268	0.023	0.096	1	CEP85L	c21
0.069379476021229	0.115001857719519	0.012	0.058	1	RAB43	c21
0.010732222288271	0.113287227932223	0.023	0.113	1	KLC1	c21
0.00296058248189963	0.113252355225648	0.012	0.116	1	APOO	c21
0.00918282973937509	-0.113159289268017	0.012	0.096	1	PCLAF	c21
8.96953026210556e-07	-0.112666684078264	0.093	0.401	0.0300820105930496	HNRNPAB	c21
0.0658203465746727	-0.112257542390181	0.012	0.059	1	CDC34	c21
0.036203360088557	0.109938964612595	0.012	0.07	1	FZR1	c21
0.397324553192487	0.10969893596591	0.012	0.027	1	EXOC6B	c21
1.66335724121704e-05	0.107566930079578	0.047	0.268	0.557856751559372	PXN	c21
0.00146257641223278	-0.107209597769096	0.012	0.128	1	EIF2B3	c21
0.404683445677043	0.105864305329572	0.012	0.026	1	MEF2C	c21
0.0381034109173753	-0.105467421119346	0.012	0.069	1	ATP5PO	c21
0.074468571516424	0.104797447812469	0.012	0.057	1	MECR	c21
0.0119643765541953	0.103802900978221	0.012	0.091	1	MED12	c21
0.0954123133386561	0.103489429795369	0.023	0.071	1	TSC2	c21
0.00029935423467855	-0.103469988367425	0.035	0.199	1	OAS2	c21
0.00120120706025246	-0.103423270376534	0.035	0.174	1	BRWD1	c21
0.00670234287365451	-0.102356980810023	0.023	0.122	1	TUT7	c21
0.0330610942004617	0.101837943006014	0.012	0.072	1	DDX39B	c21
0.0307329720697626	-0.101760833728514	0.012	0.073	1	SAMD1	c21
0.237782052564474	0.101716481978552	0.012	0.036	1	LIPE	c21
0.000800554928662971	-0.101232882049135	0.035	0.181	1	RANBP2	c21
0.0359501215867743	-0.100130230907499	0.012	0.07	1	GDPD5	c21
0.00788139149525769	-0.100116570314113	0.012	0.098	1	RRP36	c21
